  0.0209400379 1
  0.0219317545 1
  0.0229704401 1
  0.0240583197 1
  0.0251977235 1
  0.0263910923 1
  0.0276409824 1
  0.0289500717 1
  0.0303211648 1
  0.0317571994 1
  0.0332612526 1
  0.0348365475 1
  0.0364864603 1
  0.0382145275 1
  0.0400244535 1
  0.041920119 1
  0.0439055891 1
  0.0459851224 1
  0.0481631804 1
  0.050444437 1
  0.0528337893 1
  0.0553363682 1
  0.05795755 1
  0.0607029683 1
  0.0635785271 1
  0.0665904141 1
  0.0697451146 1
  0.0730494276 1
  0.0765104806 1
  0.0801357478 1
  0.0839330673 1
  0.0879106611 1
  0.0909090909 1
  0.0920771554 1
  0.0964416031 1
  0.100000000 1
  0.101013507 1
  0.105802848 1
  0.110820107 1
  0.111111111 1
  0.116076304 1
  0.121583023 1
  0.125000000 1
  0.127352452 1
  0.133397423 1
  0.139731454 1
  0.142857142 1 
  0.1463688 1
  0.153324504 1
  0.160614462 1
  0.166666666 1
  0.168255487 1
  0.176265389 1
  0.184663064 1
  0.193468593 1
  0.200000000 1
  0.202703356 1
  0.212390168 1
  0.222553432 1
  0.233219315 1
  0.24441596 1
  0.250000000 1
  0.256093227 1
  0.267668583 1
  0.279038089 1
  0.290221472 1
  0.301236044 1
  0.312097121 1
  0.322818354 1
  0.333333333 1
  0.333411995 1
  0.343889106 1
  0.35425973 1
  0.364533034 1
  0.374717422 1
  0.384820635 1
  0.394849831 1
  0.404811655 1
  0.414712296 1
  0.424557539 1
  0.434352807 1
  0.4441032 1
  0.453813525 1
  0.463488329 1
  0.473131917 1
  0.482748382 1
  0.492341619 1
  0.500000000 1
  0.501915343 1
  0.511473107 1
  0.521018313 1
  0.530554225 1
  0.540083981 1
  0.549610602 1
  0.559137002 1
  0.568665994 1
  0.578200301 1
  0.587742558 1
  0.597295322 1
  0.606861079 1
  0.616442241 1
  0.626041162 1
  0.635660133 1
  0.645301391 1
  0.654967121 1
  0.66465946 1
  0.666666666 1
  0.674380499 1
  0.684132288 1
  0.693916838 1
  0.703736121 1
  0.713592077 1
  0.723486613 1
  0.733421604 1
  0.7433989 1
  0.753420321 1
  0.763487665 1
  0.773602705 1
  0.783767195 1
  0.793982866 1
  0.804251431 1
  0.814574585 1
  0.82495401 1
  0.835391368 1
  0.845888309 1
  0.85644647 1
  0.867067476 1
  0.87775294 1
  0.888504466 1
  0.899323647 1
  0.910212068 1
  0.921171306 1
  0.932202931 1
  0.943308506 1
  0.954489589 1
  0.965747733 1
  0.977084486 1
  0.988501391 1
  1. 1
