0.020932305063332858
0.021948016488892295
0.023013013919833868
0.024015625374065677
0.025180950693498495
0.026402821827539905
0.027683982584374985
0.028890094836100794
0.030291947108067017
0.031761822340967284
0.03330302125578822
0.03491900473648028
0.03644032629136781
0.038208543200746396
0.040062560413163244
0.04200654127077529
0.0438366466006314
0.0459637598199236
0.04819408829399815
0.05053264040168657
0.052734203580494826
0.05529305856241996
0.05797607847666511
0.06078928825646293
0.06343770436192578
0.06651593205527902
0.06974352653022431
0.07312773560520312
0.07667615878911731
0.08001672058325109
0.08389942232519026
0.08797052684978504
0.0909372776111762
0.09223917614394847
0.09625777426642748
0.09997660693201205
0.1009285508878038
0.10582597054568338
0.11096103078290759
0.11582958398178957
0.12143207380872567
0.12513757127394945
0.12730554701643482
0.1334631106332069
0.13991850565311253
0.14295510379338597
0.14605760406878066
0.15312217438676307
0.16052844655653145
0.1668538052712906
0.16829294814455595
0.17643300612899274
0.18496678556593554
0.19308243327757046
0.1998305917744606
0.20242151860457744
0.21221232039933652
0.22247668745753735
0.2332375253658152
0.24451884761702153
0.24982554721669045
0.25634582919785737
0.267593321204335
0.27933431090816807
0.29034101878914165
0.30178142784339107
0.3123285753592785
0.3232443417180047
0.3331081367707904
0.3432729253454617
0.3537478922537199
0.3645425025816235
0.37405682142304597
0.38547115834539847
0.39553170129635223
0.40411577545415794
0.4146629306124475
0.4236622025676513
0.43471950657950775
0.444154058778719
0.4537933654779065
0.4636418703861489
0.473704113652654
0.4819109137132548
0.4923696430823858
0.5008998185658299
0.5117706569186298
0.5206369499001875
0.5296568490922069
0.541151790346968
0.5505271037922512
0.5600648420945988
0.5697678192222424
0.577155210295108
0.5871542735886538
0.5973265680424924
0.6076750948412359
0.6155539771146517
0.6262182890154594
0.6343375952343554
0.6453273284137211
0.6536943951103051
0.6650194797924688
0.6678812760752889
0.673641867373092
0.6853125368029008
0.6941980363795728
0.7031987419367093
0.7123161471908788
0.7246568384186934
0.7340524611239783
0.7435699038706124
0.7532107461305412
0.7629765878545379
0.7728690497377239
0.7828897734885321
0.7930404221011574
0.8033226801315403
0.8137382539769269
0.8242888721590561
0.834976285611017
0.8458022679678254
0.8567686158607691
0.8678771492155678
0.8791297115544007
0.8867123570745448
0.8982091294963248
0.9098549646610156
0.9216517952589848
0.9336015790391228
0.9416540538194185
0.9538631792144063
0.9662306034478119
0.9787583789616753
0.9872003389364042
0.9999999999999999
