109326884703 103182378383 3873269513.9911633 7955684.830633284 0.20691611208871308 2.220446049250313e-16 False 1425.2195885257502
103115268353 102193204690 48249189.98527246 1484270.9867452134 1.0228337473399733 0.18230943315233605 True 33.243992930065055
102834464743 102170419722 308789396.1708394 18461413.84388807 2.89992785133475 2.89992785133475 True 0.0
102355961504 102968600542 9064374.079528717 1171035.3460972016 0.9772106698196588 0.9540002664885052 True 127.3923039108271
102431356246 102108570645 13387967.599410897 1638129.6023564064 3.457619185592975 3.089664292734822 True 54.131363919973026
104346213672 103978879061 153952871.87039763 1203272.4594992634 0.19282776521332545 0.19282776521332545 True 0.0
106252409092 106342040853 5551458026.509573 3953711340.2061853 0.7386919820219249 0.6741261037109307 True 106.08048687128293
102588785682 102268939800 64440942.562592044 3280206.18556701 1.7520158516113051 1.5282423550944397 True 57.13795694509651
102415852883 102465640323 62927687.77614138 1529749.6318114875 1.6750055506365173 0.7326361820223113 True 111.90919095617556
103553919664 103674154314 16532547.864506628 10474329.896907218 0.40467193886867703 0.40467193886867703 True 0.0
102399757947 102848439803 5913991.1634757 2437673.0486008837 1.2972504209711397 1.2972504209711397 True 0.0
102507560545 103388951878 101900147.275405 3554050.073637702 1.9060559299524278 1.9060559299524278 True 0.0
103392416698 102538836079 114194108.9837997 1135603.8291605301 1.2551016036027502 0.5968872476915363 True 105.12185760792818
102331850554 102406204438 11290486.008836523 8071001.472754049 1.705100737951481 1.705100737951481 True 0.0
103358360682 102937276000 11968497.790868925 2884241.531664212 0.6591424556303831 0.6456162322421075 True 95.21512783748442
103318652441 102359710243 382863033.8733431 18095139.911634754 2.0778985339969283 2.0778985339969283 True 0.0
102118368325 102440247738 11671222.38586156 1746730.4860088364 2.1219950797357545 2.0936349718764466 True 71.7363258530994
102230465189 102110719626 129229160.53019145 1454590.5743740795 1.723356046122758 1.3003338586489348 True 9.361921553562564
102437360427 102373090867 2449558.1737849778 1322091.3107511045 1.024193156607776 2.220446049250313e-16 False 1316.4258434576425
103746389995 102927499024 26891163.475699555 9612827.68777614 0.2093682502134535 0.2093682502134535 True 0.0
105369224006 102149608257 65108836.52430043 23448600.88365243 1.1315189843738342 0.84791036052719 True 150.5212767596418
103047498065 102326702158 35666568.48306332 1994020.6185567009 1.1286604978085442 1.1110224107812057 True 134.50481283550204
106603225320 103305352673 761188512.5184094 293852724.59499264 0.9096724911677649 0.03494962427363446 True 1320.6787047648434
113134852627 101267226718 13322032400.5891 1374944.035346097 0.009539135289349021 2.220446049250313e-16 False 930.7564301923599
104865233720 104724859638 1506082.4742268042 1469835.0515463916 0.7499282529416296 0.7499282529416296 True 0.0
106205550408 102403677811 934957290.1325479 50298232.69513991 0.5590919225006585 2.220446049250313e-16 False 0.0
102808282415 104557534430 2152091.3107511043 1970088.3652430042 0.27065125959659375 0.1976388039191106 True 31.260656238397438
103221463967 102376794117 254865979.3814433 1686229.7496318114 0.0750803891360976 2.220446049250313e-16 False 76.92354963811039
105175523454 105103034189 3959263622.9749627 1786951.3991163475 1.1611808692269454 2.220446049250313e-16 False 1198.5628618845394
102717615645 103038580461 2357172.3122238587 1267254.7864506627 0.8328445747800588 0.7551008783982274 True 16.973219736025467
104902617187 103248951888 7495508.100147275 5693372.606774667 0.4658608341041317 0.3276496719374833 True 32.39359578617892
104868825168 103426148965 2528924889.543446 1151350.5154639175 0.9204658281912859 0.9204658281912859 True 0.0
103924712567 104087626705 35285419.73490427 16834756.99558174 0.44263922189810945 0.44263922189810945 True 0.0
104073899857 102191002615 1074622974.963181 4723873.343151693 1.8878364329444381 1.8878364329444381 True -1
105494682641 102824126784 36495434.46244477 1673063.3284241532 0.5150573979495214 0.048368384261977315 True 81.59963529236165
105518199997 104346512952 197353460.97201765 90751399.11634757 0.6216601908369712 2.220446049250313e-16 False 119.42592318085028
109394103963 102715702956 32226067746.686302 6898497.790868924 0.4709841030747981 0.4709841030747981 True 0.0
102697812930 103277826581 11918159.057437407 1670957.2901325477 0.9209823135158395 0.7326361820223113 True 48.15074220023897
103942286065 103397355691 15329307.805596463 15080559.646539027 0.26843672783914196 0.1976388039191106 True 10.826985628627924
108562229857 103996404477 30654344624.447716 8586435.935198823 0.6073681757174889 2.220446049250313e-16 False 1149.2228822524503
111391285207 110179370307 32497643593.51988 3589646.539027982 0.26788349672125333 0.26788349672125333 True 0.0
110707714509 104845355176 1746480117.820324 12548718.703976436 0.17215979820096905 2.220446049250313e-16 False 44.04579529630299
107049220068 108580098356 2132135493.3726065 737044182.6215022 0.6046213093709885 0.6046213093709885 True 0.0
102614611140 102118930344 4524094.256259205 1502974.9631811487 1.2418257428850055 1.2418257428850055 True 0.0
104114040408 104001840958 199879234.16789395 3199720.1767304856 0.923043639629314 0.923043639629314 True 0.0
102658578297 104477560314 57496612.66568483 57315316.64212076 1.2950940070505288 0.4220730788650984 True 119.74346965251121
102508707794 102262108883 25837997.054491896 1331677.4668630338 2.352116358663042 2.0020281392528507 True 17.60953293494525
105653679367 102137048134 639452135.4933726 2700648.0117820324 0.8181487609316194 0.8181487609316194 True 0.0
102249398647 102347898303 2595625.9204712813 2040736.3770250364 2.449548626562214 2.0936349718764466 True 10.53700459007207
104698392546 102186021115 1806435935.1988218 4213136.966126656 1.3488403775056255 1.3488403775056255 True 0.0
106737754003 106222561346 22317231.22238586 4692871.870397643 0.16038357639501322 2.220446049250313e-16 False 1255.4441662189704
102975585477 103027010694 617524300.4418262 152705449.18998528 2.266970277104419 1.743164357840807 True 146.4891588205036
103989146602 102263990002 13894035.346097201 1728335.7879234166 0.802357122644995 0.1133264705968362 True 81.88313411375886
103507681786 102270518458 25221944.035346095 7221428.57142857 0.781559434604298 0.781559434604298 True 0.0
103237176390 102331894676 18999410.89837997 1101574.3740795287 0.8746356177018091 0.6456162322421075 True 27.491070725136495
102205621269 102879944709 1125605.3019145802 1045142.857142857 1.080788702149663 1.0750723246641747 True 36.419119400196635
103320485659 102363129887 24134609.72017673 13264639.175257731 2.185900478840842 2.185900478840842 True 0.0
102664318596 101199844070 3486759.941089838 2976111.929307806 1.2751627310143356 1.1568371276889633 True 23.895625226887816
102233866031 102186036346 13776141.384388806 1616450.6627393225 1.437954068945341 1.203646143981993 True 72.43158801638866
106004132304 102377698241 59682916.05301914 4344462.444771723 1.0550844845231588 0.5297668260277173 True 83.66547590561738
105274766591 100318537342 369593519.8821797 1585036.8188512516 0.345179884180012 0.345179884180012 True 0.0
102351126157 100887450828 41622533.13696612 1044444.7717231222 2.1709691432992666 1.5942278127692182 True 64.31974779009056
103424545399 102238139563 1365977.9086892488 1182818.8512518408 1.5813779395441285 1.5813779395441285 True 0.0
104287514205 103947061343 17646244.47717231 8906774.668630337 0.35901324766113807 0.3106562061254896 True 15.283491114783777
103583471203 102224083778 49722680.41237113 6253784.977908689 0.5406848652362948 0.5406848652362948 True 0.0
