105224861179 102660671010 151260677.46686304 1818851.2518409425 0.3087223728707087 0.3087223728707087 True 0.0
102951369486 102697352836 238111929.30780557 8527599.41089838 0.6317632507334776 0.48446830346154357 True 51.81383428018753
102462034181 102316784133 25242415.31664212 1785640.648011782 2.5693889206167904 2.5693889206167904 True 0.0
107847618591 106092604128 356235640.64801174 24256848.30633284 0.05475329847725274 2.220446049250313e-16 False 585.2845058322466
102959434443 102538530618 24902356.406480115 22064506.627393223 2.478599654922914 2.478599654922914 True 132.12069288018535
103720677639 102112408662 104085861.56111929 22596907.216494843 0.9227885048012028 0.7031299012575629 True 30.21740898136601
104493996138 103120855929 82673490.42709866 1466877.7614138438 1.1084724749460757 0.08500846539228979 True 266.90877097562867
106457506067 104597626250 268309278.35051546 12081310.751104565 0.07992410293404584 2.220446049250313e-16 False 102.01221661639264
106471134118 103113228365 432810014.7275405 1078240.058910162 0.7182809629933831 0.7182809629933831 True 0.0
102258390812 103139308421 4940044.182621502 2696921.9440353457 0.7881442460200379 0.6456162322421075 True 10.099031881756497
104434419518 106628845826 50837849.77908689 1026664.2120765832 0.3637634415934212 0.3637634415934212 True 0.0
103703929642 103836156235 100065979.38144329 5965964.653902799 0.1537844707532945 0.071120724784137 True 42.08110832815939
102395810308 102111490802 1467748.1590574372 1208916.0530191457 2.779375193692979 2.779375193692979 True 0.0
102329627479 102458915263 5484609.720176731 2694300.441826215 3.2167226787995835 3.089664292734822 True 79.55475266457738
108246266857 110416062486 2539602356.40648 267642120.7658321 0.29731468832663266 0.29731468832663266 True 0.0
105696697004 102993292764 33039469.808541972 3727908.6892488953 0.30337822602403186 0.2609697716927266 True 42.5845316748236
103455053119 102970802022 92095434.46244477 2035272.4594992634 0.14115779587654043 2.220446049250313e-16 False 0.0
106015299190 104863622344 37997790.868924886 19339764.359351985 0.22519140552732853 0.22519140552732853 True 0.0
103722353146 102188809496 8460913.107511045 3965139.9116347567 0.1867604998635226 0.18230943315233605 True 52.40278377653727
103811306852 102973621554 105111487.48159057 54476288.65979381 1.1969668675426708 1.1969668675426708 True 0.0
104689248534 102956818142 3011089.837997054 1131711.3402061856 1.2898648292791277 1.2898648292791277 True 0.0
103724072404 102590205037 128603976.43593518 5494079.528718703 1.1506255094294175 0.8880148566263739 True 42.53684055061522
104219549011 103235239085 116748895.43446244 2726465.390279823 0.6061289882190437 0.3448634685112386 True 61.29110284172344
104070063470 103783909440 108448895.43446244 1041734.9042709867 1.3890524062535836 0.5968872476915363 True 22.740526591277614
102732259120 102939035769 5843652.430044183 4395272.459499263 0.8308781257666804 0.8308781257666804 True 0.0
104559399762 102979562790 20728865.979381442 4999013.25478645 0.9984172535352003 0.27731902224757854 True 307.0403710821973
103184800551 102180202690 17375257.73195876 1688983.799705449 0.79752660339373 0.6741261037109307 True 17.689341139703853
102518164386 102397608406 12361826.21502209 1555832.1060382915 2.1489219665647465 2.1489219665647465 True 0.0
111920369362 103514387907 33124005891.016197 1683063.3284241532 0.1730246558052404 2.220446049250313e-16 False 2013.4860425668753
104962623053 100300011652 281714285.7142857 1077677.4668630338 1.414514127322159 2.220446049250313e-16 False 372.5062818187358
102874080049 102413430298 6903298.969072164 1034344.6244477172 2.2337134024485676 2.2337134024485676 True 0.0
102784626148 102194468985 28284683.357879233 1548100.147275405 2.0556743873372856 2.0020281392528507 True 39.79466178775337
107039864725 106103087908 440110456.55375546 8840058.910162002 0.6279353709657727 0.4038710254479614 True 61.97293381301488
105924013352 102479411276 1253459499.263623 8377687.776141384 0.7049600698351643 0.6245529022286576 True 61.95623347773678
110517348114 103420398395 1626568483.0633283 26785125.184094254 0.08064882155246011 0.08064882155246011 True 0.0
103681845204 103028273709 15947275.405007362 1404141.384388807 0.9018746778699767 0.6456162322421075 True 126.90831618657123
103415427770 102236489026 139355670.10309276 1039893.9617083946 2.082034512622472 2.082034512622472 True 0.0
104698392546 104621703839 1465407952.8718703 109096465.39027981 1.4104633392630732 1.4104633392630732 True 0.0
106901529840 104377216349 1174110456.5537555 594668630.3387334 0.642802226325577 0.5496011961218188 True 2.3671252190106706
101939672580 102488733618 2864182.621502209 1031223.8586156111 0.7970452981208298 0.5496011961218188 True 30.825885850337514
105489502367 102828462538 26782179.675994106 1910559.6465390278 0.754866244094875 0.754866244094875 True 0.0
102106032590 103006923650 39850073.6377025 1187855.6701030924 0.43838739512357905 0.43838739512357905 True 0.0
102354062854 102262836030 1603843.888070692 1125575.8468335788 1.4645960773488835 1.4645960773488835 True 0.0
103257739921 102280124756 310743740.7952872 117667452.13549337 1.6155483889529698 2.220446049250313e-16 False 562.3124965242679
102614022556 100794824923 3056303.387334315 1886435.935198822 1.8600682984309667 1.8268719670074143 True 34.60352271290867
105990490050 102303614091 118147128.12960234 3202120.7658321057 0.7733294792972649 0.3799635178799188 True 25.517638763988945
108662062238 109964368265 1623313696.6126657 294508100.1472754 0.21056435299572307 0.021702619865036743 True 25.2342592809618
107300757737 108721389539 2991354933.726067 1992989690.7216494 0.2737247149722519 2.220446049250313e-16 False 1581.1549766545015
102605466188 102112341677 91861413.84388806 1819499.2636229747 3.4313669880884854 1.411597290654902 True 55.94044979962205
103292835005 105052103619 11824683.357879233 1343300.441826215 0.40155348187931517 0.40155348187931517 True 0.0
105467006151 103936199270 215321060.38291603 18851399.11634757 0.5422364587783328 0.048368384261977315 True 309.73249830495257
102358118138 102453049677 9843240.058910163 5728453.608247423 1.9343239611026015 1.673390626043504 True 44.17660369932651
109362878821 107223865182 23362002.9455081 20495287.187039763 0.2324468753774369 2.220446049250313e-16 False 1001.8625419407526
102489160810 102208901812 123227687.77614138 3153991.1634756993 1.9958866476328003 1.5282423550944397 True 32.310463315555026
106054274016 106194968310 142205449.18998528 64415316.64212076 0.2930906288429038 0.2930906288429038 True 0.0
105772948251 103126116853 163083946.98085418 1075874.8159057437 1.0800918568563986 0.8880148566263739 True 58.083420025426115
102953326179 102163858302 5224403.53460972 2148247.4226804124 2.1186457592654966 2.1186457592654966 True 0.0
104044040944 104265616301 33186745.213549335 6106583.210603829 0.41959351359331754 0.41959351359331754 True 0.0
107155429131 103842843483 693808541.9734904 7720589.101620029 0.17906174982196177 0.17906174982196177 True 0.0
102183710502 102153044173 5972341.678939616 1895670.1030927834 2.542192829893274 2.2017563517833034 True 20.23947378806895
104190167833 103748484538 791742268.0412371 10174108.983799705 1.3848874452370223 1.3848874452370223 True 0.0
102234955630 102432321091 1667967.5994108983 1348263.6229749632 1.5541609836584782 1.5541609836584782 True -1
103466972923 103496896492 30518851.25184094 6634300.441826215 0.6820065665536359 2.220446049250313e-16 False 416.46573663201303
110987430249 102803570280 332055964.65390277 6059882.1796759935 0.10580692389947322 0.10580692389947322 True 0.0
110179465721 104858278026 14376259204.712812 7285022.091310751 0.32862998319283077 0.32862998319283077 True 0.0
104720316581 102109568397 26988217.96759941 1024081.0014727539 0.2914523931904298 2.220446049250313e-16 False 152.5487225453837
102163813924 102391056535 2273033.8733431515 1347670.1030927834 1.2984807042544877 1.2984807042544877 True 0.0
109502717498 107845885006 119489396.17083946 32447422.680412367 0.0610304727951787 0.03494962427363446 True 28.48537228652113
103948918907 102551539317 375405007.36377025 1635832.1060382915 1.0567752232629504 1.0567752232629504 True 0.0
103203432033 102195899631 13415125.184094256 6423475.699558173 0.9705909013876903 0.9540002664885052 True 42.87653080217626
