103319425762 102362862284 8246789.396170839 2338159.057437408 1.5963168648954595 1.2514710385618875 True 75.68144078706734
106366906299 102609868367 385886597.9381443 8087820.324005891 0.07847641479928469 2.220446049250313e-16 False 415.1842536292181
103908535243 102221477609 131328718.70397642 2240147.2754050074 1.6067938260695023 0.071120724784137 True 499.55483222971066
104698392546 102295092819 1102756995.5817378 3094108.9837997053 1.4461480506646183 1.4461480506646183 True 0.0
103970887202 107876223923 2331207.65832106 1775463.9175257732 0.305477915882836 0.305477915882836 True 0.0
102103630979 101481313651 1510780.559646539 1272561.119293078 6.492713336280468 5.846613747881866 True 12.438663752863972
113029968438 102601650060 36645066273.93225 1762326.9513991163 0.05560282310419007 0.05560282310419007 True 0.0
106345351984 103566761295 4227172312.2238574 236362297.4963181 0.9140331166009836 0.9140331166009836 True 0.0
110089860096 104028249561 62720029455.08099 15743298.969072163 0.40835152454052537 0.40835152454052537 True 0.0
102559859862 102239262380 72573932.25331369 2421089.837997054 0.9297680225860048 0.7855075427696514 True 42.481828966715106
106703552464 102858727595 1793681885.125184 85776583.21060382 0.7797679538541764 2.220446049250313e-16 False 1050.8815518324423
103080429669 103081366717 4451030.927835051 2954153.1664212076 0.3394609205579122 0.3394609205579122 True 0.0
104266533937 102444269837 57132989.690721646 4411752.577319588 1.1497563251205474 1.1497563251205474 True 0.0
105038258790 102268705884 54813549.33726067 3223770.250368188 0.2533778533146831 0.2533778533146831 True 0.0
103729641913 102509952639 6372665.684830633 5663976.435935198 1.4963864805693756 0.4405111331274656 True 183.90314764627996
102521626154 102296482350 4342812.9602356395 1181686.3033873343 0.6171573930775962 0.6171573930775962 True 0.0
102109935638 102104723080 16710751.104565537 6502032.400589101 3.141575621029264 2.9009801841876754 True 24.770400639513365
103826706601 103641052231 2107643593.5198817 6435095.729013254 1.86025645059336 0.9540002664885052 True 150.1716633162226
106419434343 103809866921 17332106.0382916 14417216.49484536 0.07446816511996968 2.220446049250313e-16 False 105.69436160067156
102821468684 102488101421 4590486.008836524 2221134.0206185565 2.4711374917560485 2.4442257045541464 True 18.185366672844285
102117826752 102385521700 89919587.62886596 8311222.385861561 2.8801047628285965 2.8801047628285965 True 54.64650890165544
102310115349 102133563692 4372135.493372606 1053882.179675994 3.9375401175134552 3.9375401175134552 True 0.0
102414933451 103433867790 183157584.68335786 8794977.908689247 0.3805194894838928 0.3799635178799188 True 87.07310300195869
104400077590 102438604119 2696671.575846833 1579631.8114874815 0.8328445747800588 0.5968872476915363 True 98.74626161249961
102395809104 102215702455 3186126.6568483063 1121126.6568483063 2.35481533418993 2.35481533418993 True 0.0
102694312634 102640788796 14243151.693667157 1332035.3460972018 1.8770023936659914 1.8268719670074143 True 51.790934830184945
104514657767 102236434179 174232695.13991162 1612135.4933726066 1.631391980043523 2.220446049250313e-16 False 2581.9407569613013
108562229857 102138824406 30925920471.281292 1028777.6141384388 0.5925544892518497 0.5925544892518497 True 0.0
110504045393 106537425414 14518865979.381443 22062592.047128126 0.2511933256343237 2.220446049250313e-16 False 306.6191451483761
107711245862 109913252511 349525773.19587624 206399116.34756994 0.3770045744091961 0.1522368124380873 True 17.317897147344315
100676274348 102703312828 1303184.0942562593 1244063.328424153 0.9344342843657085 2.220446049250313e-16 False 112.08520456625803
104337503418 105285540772 370372606.7746686 172178203.2400589 0.8022369364855659 0.7326361820223113 True 6.34139423122782
104813005820 104686556528 33047717.231222384 23442268.041237112 0.5768717072947662 0.5768717072947662 True 0.0
108808647074 102728160814 72599263622.97496 2443814.4329896905 0.5817979348046163 0.5817979348046163 True 0.0
107110207150 105566032381 43496612.66568483 14751546.391752578 0.36111273688465784 2.220446049250313e-16 False 1671.3216505952166
103026151661 102831051560 63346980.854197346 9565360.824742267 2.119482415477624 0.071120724784137 True 47.254617958647714
104785517036 103140191810 145671723.12223858 105921944.03534609 0.9682094804714256 2.220446049250313e-16 False 548.5198934566197
107809139015 102809754780 189958762.88659793 89447422.68041237 0.5466923211366332 0.5466923211366332 True 0.0
104489868159 102841336031 461494845.3608247 1346135.4933726066 0.9650457659158884 2.220446049250313e-16 False 537.6467661905399
104350956372 103047013849 13279617.08394698 5859013.25478645 0.5661167508715439 0.021702619865036743 True 46.60774400312986
102899797258 102758047012 16769072.164948452 2577304.860088365 1.6881431382458252 1.203646143981993 True 46.648696423218
102302537928 100226862278 1714933.7260677465 1423098.6745213547 0.08079481650806009 0.06196112674705323 True 15.139715905597807
107001592856 102125724560 1501899852.7245948 5021826.215022091 0.7492242190588474 0.7492242190588474 True 0.0
102332518039 102228513602 4081620.0294550816 1483357.8792341677 2.2932652725177016 2.0020281392528507 True 35.27757811621568
102641038725 103231826858 7445876.288659793 1077655.3755522827 0.9357298959932328 0.9357298959932328 True 0.0
102708052448 103483578132 7053519.882179676 1857496.3181148747 1.6207305024202445 1.360371054909761 True 71.82835472642958
103674154314 102314574185 76073932.2533137 1112238.586156112 0.21512145746528089 2.220446049250313e-16 False 367.5108186383061
112142227078 108726580172 36441384388.80707 149932253.3136966 0.1472231463742013 0.1472231463742013 True 0.0
105757700829 105998681453 80681001.47275405 47010603.82916053 0.4406087436307087 0.4406087436307087 True 0.0
104326674442 103033592615 4484035.346097201 3498703.976435935 0.41161590495872424 0.4038710254479614 True 56.95692185845424
103094528993 103118490508 21398969.072164945 17181296.023564063 0.1652988000918254 0.08500846539228979 True 61.853127158251674
106935465963 103926835976 166051546.39175254 2678954.3446244476 0.3157669671439829 0.3157669671439829 True 0.0
104646613993 102516923658 1236874815.9057436 23487334.315169364 1.5527656663228941 0.1976388039191106 True 152.54322142832982
103454765949 102729069829 1965081001.472754 127467452.13549337 1.5855426795530114 1.5855426795530114 True 0.0
106812836163 103068853421 571804123.7113402 28423122.238586154 0.44797218735022537 2.220446049250313e-16 False 421.8155133128519
104834710331 102866227845 3491266.568483063 1556759.9410898378 0.2867810271858229 0.2867810271858229 True 0.0
103693885137 101125543031 4953961708.394698 3427805.59646539 2.196552837420126 2.196552837420126 True 0.0
103908535243 102200636934 60810898.37997054 20093078.055964652 1.8367506723099094 0.071120724784137 True 499.55483222971066
102114951107 102142014250 5881384.388807069 3013534.609720176 3.4420950697186816 3.089664292734822 True 23.556650187497848
102667844453 102104691556 1846656.848306333 1723033.8733431515 2.358420736232994 2.0936349718764466 True 39.30740678216144
104266533937 102468786707 62043298.96907217 13285905.743740795 1.1184017082791375 1.1184017082791375 True 0.0
102101829304 102109707593 2889248.8954344625 1422244.4771723123 5.3034214971886735 4.667873726919812 True 7.274338429727137
110357047517 106192748414 38151546391.75257 18172459.499263622 0.3109200954874196 2.220446049250313e-16 False 122.83381962138999
102522935799 102352977963 4790058.910162003 2160721.649484536 3.747165941932666 2.9009801841876754 True 46.39600968158562
