103685195788 100771794325 23646833.57879234 3046318.1148748156 1.1256605490156066 0.9540002664885052 True 17.63740366295887
107653338527 105182648816 299306332.8424153 2642577.319587629 0.6624855155949454 2.220446049250313e-16 False 682.537937846828
102533965288 102663129064 16533726.067746686 3756671.575846833 1.8236463439427135 1.8236463439427135 True 0.0
109142227024 107634935468 1205957290.1325479 306116347.56995577 0.4848669781917587 0.3799635178799188 True 30.32127670339868
103084797239 102190165808 92489543.44624446 8195390.279823271 1.37945106064031 1.37945106064031 True 0.0
112950213291 103376813468 14953755522.827686 3216377.025036819 0.02664977485570441 0.02664977485570441 True 0.0
102218081006 102160979482 4607275.405007363 1634462.444771723 3.3875813896347777 3.2874747467483054 True 52.242715538416284
105438853914 106590639277 248281296.02356404 169422680.41237113 0.4568403754569015 2.220446049250313e-16 False 686.4873209768666
102163603805 102100880256 11494771.723122237 2820132.5478645065 4.284434697598225 3.712261748602635 True 50.05732289314582
102751275144 103174296136 35546539.027982324 3131222.3858615607 1.360054658865899 1.360054658865899 True 0.0
102636001886 102178543560 23302356.406480115 1089164.9484536082 2.412258881256803 2.412258881256803 True 0.0
109549221907 106908594935 2737938144.3298965 2259985.272459499 0.2738107066337514 0.13748857177388185 True 44.987128537882214
102501674521 102603813578 18199410.89837997 1002159.0574374077 2.684231856079167 1.360371054909761 True 116.66589175479554
102101993959 102877892685 71865243.00441825 23853019.14580265 2.023861289434931 1.5942278127692182 True 24.599365180606064
106790183210 102107395976 806412371.1340206 12538924.889543446 0.8058071145188699 0.5037153502812697 True 66.18153231199068
102313871930 102225136784 10373136.966126656 1112513.9911634757 3.213329288537216 3.089664292734822 True 56.38288800886469
102879393342 103116124972 8057584.683357879 3144197.3490427095 0.6542515090909391 0.5968872476915363 True 33.94503161877877
104655392482 104929531172 1645301914.580265 9473078.055964652 0.43539777025310356 0.43539777025310356 True 0.0
104254136808 101295942816 34737260.67746686 1028966.1266568482 0.9519050593379139 0.9519050593379139 True 0.0
104192209101 102150384974 31888217.967599407 1692459.4992636228 1.3769003318152864 0.7326361820223113 True 268.0901871904422
104831719714 103674937009 1688821796.7599409 3683490.4270986742 1.360054658865899 1.360054658865899 True 0.0
102261062984 102653757871 18295876.288659792 1912930.780559646 3.526320554021636 2.0936349718764466 True 169.34017779017418
104489868159 104834756799 525293078.0559646 318702503.6818851 0.8110856552960675 2.220446049250313e-16 False 771.6827797276316
104134994403 101042468144 4463475.699558173 1055378.4977908689 0.4571821594273857 0.4571821594273857 True 0.0
102737290929 102180226179 4443151.693667158 2704963.1811487474 1.9532849388374687 1.673390626043504 True 40.606947476784065
103737783731 102381172103 8270883.652430044 1366141.384388807 0.5952805221034092 0.5037153502812697 True 51.869328782565496
104606426715 102211276532 50342268.04123711 8726273.932253312 0.02768374471513635 2.220446049250313e-16 False 431.07008166822754
104459387651 102462899854 8444521.354933726 4281413.84388807 1.158573096840065 2.220446049250313e-16 False 1259.8986085907795
104299411030 103823011744 587469808.5419735 375053019.14580256 1.3434845271434095 1.3003338586489348 True 0.0
106002769294 106134472047 6304712812.960236 3524108.9837997053 0.7144806752310693 0.7144806752310693 True 0.0
108709767670 102714091526 5971443298.969071 2121045.6553755524 0.49385949056403655 0.49385949056403655 True 0.0
102124447365 102367716028 4994477.172312223 4259882.1796759935 2.372874667350236 2.2017563517833034 True 21.547027105722375
105983523143 103317694597 897487481.5905743 3234830.6332842414 0.09033537625838339 2.220446049250313e-16 False 1040.40118433164
103280045843 102806055176 485805596.46539026 1267821.796759941 0.9829230665508639 0.9829230665508639 True 0.0
102549057597 102212999731 5982930.780559646 1916951.3991163475 0.6304489604257428 0.5764476321643068 True 27.014417468139186
105635273376 104482582792 85189985.27245949 16468924.889543446 0.23754258693427288 0.23754258693427288 True 0.0
102991954580 102404206525 1305945.5081001471 1245138.438880707 1.2605511223636325 1.2605511223636325 True 0.0
107232721318 106111111379 710340206.1855669 15140353.460972017 0.17278940924251884 0.17278940924251884 True 0.0
102567406864 103749841610 5040397.64359352 1076979.381443299 0.8198560857807364 0.8164409946605706 True 69.52121309803417
102348619722 102287958601 6425537.555228276 2282459.499263623 2.0671835893409236 1.743164357840807 True 28.483321427546112
112043435624 102268795072 6704506627.393225 2905567.010309278 0.15482909106866738 0.15482909106866738 True 0.0
108012261745 103072931545 1774683357.879234 2543932.2533136965 0.6669528269019516 2.220446049250313e-16 False 689.797693020199
102665783925 102359719659 58780117.82032399 1769823.269513991 2.028733595621663 2.028733595621663 True 0.0
108369719327 104130374633 799949926.3622974 7593784.977908689 0.1581272156421294 0.1581272156421294 True 0.0
102940930161 102845122491 10270648.011782032 2536995.58173785 0.6471615288953312 0.5764476321643068 True 47.034338378255974
105337657591 103680184603 136477761.41384387 19667746.686303385 0.22387635911469683 2.220446049250313e-16 False 458.13274693641256
102714654985 102472563748 2259131.0751104564 1322184.094256259 1.169028015165844 1.1568371276889633 True 38.61911680636971
102306305495 102847907463 293113402.0618557 94095581.73784977 2.518970771428773 2.0020281392528507 True 118.04425468489309
104019071778 104470979228 329360824.742268 158511045.65537554 1.3298455545381898 2.220446049250313e-16 False 1471.810161061683
108162100430 103606850391 16929455081.001472 187714285.7142857 0.6133638151536809 0.6133638151536809 True 0.0
111403078532 104076145747 31611340206.185566 3513313.6966126654 0.2437857355189137 0.2437857355189137 True 0.0
104205906266 102350135274 9144241.531664211 2314270.986745213 0.905832801288343 2.220446049250313e-16 False 501.8188849677073
110816945733 104780443474 2095360824.7422683 31395876.288659785 0.15657478065559283 0.15657478065559283 True 0.0
107307199875 102834664166 287516936.67157584 1096503.681885125 0.38362534746291543 2.220446049250313e-16 False 1869.9501849402034
102229009132 102395007521 6763843.888070691 5259941.089837996 2.132900784165066 2.132900784165066 True 0.0
107719913220 105753702085 447929307.8055964 65471134.02061855 0.4591382912906954 0.4591382912906954 True 0.0
104868825168 102519884692 3663107511.0456553 1030116.3475699557 0.8489038773363211 0.8489038773363211 True 0.0
106515196110 102636951621 192019145.80265096 19947275.405007362 0.11821175576018828 0.071120724784137 True 54.625801490463736
103326945522 103193574022 249341678.93961707 8050854.197349042 1.2800493402677233 1.1110224107812057 True 67.25599582032984
103661877210 102749198655 10921487.481590573 5060103.092783504 1.2088269141141832 2.220446049250313e-16 False 1660.9384525347618
106231438906 105940870567 344166421.2076583 160114874.81590572 0.7048438022108414 0.6456162322421075 True 28.27462069948592
102844750133 101232429116 5797997.0544919 1103683.357879234 1.3629042929245196 1.3629042929245196 True 0.0
104888472428 102912663486 7953578.792341678 1806303.387334315 0.5087689652258929 0.5087689652258929 True 0.0
103102524473 102583733344 38057879.23416789 19324005.8910162 1.652308834840729 1.652308834840729 True 0.0
110709673759 102717655479 2279602356.40648 63644182.621502206 0.2627474353599588 2.220446049250313e-16 False 224.566518803157
104602926962 103008597893 60924005.89101619 3221178.203240059 0.8161972099578461 0.8161972099578461 True 0.0
110707714509 103550927155 1713313696.6126657 32153313.696612664 0.2302165796288438 2.220446049250313e-16 False 80.18868686663252
102864772516 102272601094 4643608.24742268 1990265.0957290132 1.8889961027442577 1.673390626043504 True 24.374529111774613
107718251690 102360886385 55989101620.02945 1401991.1634756995 0.7577534504700234 2.220446049250313e-16 False 2171.449831670482
