107099484904 107718251690 45667010309.27835 9723961708.394697 0.7620617532162031 0.7620617532162031 True 0.0
109660949538 107982344239 8295051546.391752 2027849.7790868923 0.29314246550542467 0.29314246550542467 True 0.0
102214424180 102339270751 37158321.06038292 1697525.7731958763 2.1375305124842336 1.8268719670074143 True 49.37166726427672
105428238542 103676123470 38541089.83799705 34492194.40353461 1.0595370984417545 2.220446049250313e-16 False 1285.1526355498818
105924206325 103752800869 2661516936.6715755 1061957.2901325477 0.8900411839973992 2.220446049250313e-16 False 209.20897749542573
108498688652 102850512972 945991163.4756997 2171060.382916053 0.4723659005946885 0.1133264705968362 True 111.7430045737384
111673346909 102622874542 73322533136.96613 38439764.359351985 0.2044477847796342 0.2044477847796342 True 0.0
111313989769 104791021320 588444771.7231222 2572268.041237113 0.050815327612694805 0.050815327612694805 True 0.0
103809866008 102526568847 26831075.110456552 8537584.68335788 0.8487774035030635 0.8487774035030635 True 0.0
102692741260 102870001658 11847938.144329896 4405552.282768778 1.5163943089226306 1.5163943089226306 True 0.0
104151226127 103901361970 165481590.57437408 2403814.4329896905 0.43462760653903265 2.220446049250313e-16 False 262.8986206712962
102282126852 102676145024 43298674.52135493 42326804.12371134 1.9049331574880464 1.9049331574880464 True 0.0
100248549950 102135083856 7514845.360824741 1284025.036818851 2.26072779444372 1.8268719670074143 True 57.71681854168019
103158979243 110615061852 7499661.266568483 3296435.9351988216 0.05570980648839252 2.220446049250313e-16 False 1240.2611527622016
104520912489 103000559812 43087187.03976436 4315081.0014727535 0.3445034681466961 0.3445034681466961 True 0.0
104187274732 104856108156 100900294.55081001 2780338.7334315167 0.7141368292582586 0.7141368292582586 True 0.0
110341306504 104714609511 19020765832.106037 2318321.0603829157 0.3785744712822259 0.3785744712822259 True 0.0
112056107423 103316168072 5072636229.749632 19535935.198821794 0.08883713283050843 0.08883713283050843 True 0.0
102597066554 102622333525 7972709.867452135 3667952.8718703976 2.090779278179407 2.090779278179407 True 0.0
107196145041 103550091486 255394698.0854197 11074830.633284241 0.23129054024103746 2.220446049250313e-16 False 394.55633505320594
105281483164 103074304275 69831075.11045656 3108748.159057437 0.2527890215592463 0.2527890215592463 True 0.0
102707953599 102192590423 31728129.602356404 2889602.35640648 1.0653475980007436 0.996407191488285 True 31.268369153390285
102097517943 101551621571 3112209.1310751103 1048091.3107511045 3.932231144080336 3.932231144080336 True 0.0
108820823568 105511714356 395357879.2341679 92535198.82179676 0.021359695307975546 0.021359695307975546 True 0.0
102302544977 102241122102 1596597.9381443297 1290544.918998527 1.5120073953497721 1.2514710385618875 True 12.104979869748673
108837875339 109173835530 1414572901.3254786 295318114.8748159 0.36220852143162663 0.36220852143162663 True 0.0
103747786907 102356376494 13459823.26951399 5076362.297496318 0.24679418046348323 0.1976388039191106 True 25.32714057634266
103056082981 102148623454 42518114.8748159 1053419.7349042709 1.865928976548103 1.360371054909761 True 41.36056175499395
102123154683 102312253737 20100441.826215025 2388910.162002945 3.523904310376027 2.7370140461629733 True 67.20420349875648
104977662678 102540284347 16824153.166421205 3221413.8438880704 0.2106464246584463 0.1976388039191106 True 27.816931782429137
103999296186 103169693963 423225331.3696612 1253743.740795287 0.42121360271963426 0.42121360271963426 True 0.0
105152474686 103817820514 358284241.53166413 6484977.908689248 1.3237602158308488 1.3237602158308488 True 0.0
102841744532 100322791929 9578586.156111928 1692017.6730486008 2.131644959147691 2.0020281392528507 True 67.77190555533807
102374714726 102516022799 9432901.325478645 4020500.7363770246 1.897148336891997 1.5942278127692182 True 46.79719495534641
105015929078 103378588853 93123122238.58615 35950368.18851252 1.4430285736621973 2.220446049250313e-16 False 3691.997876790959
103375031767 103406078174 15937407.952871868 3225876.288659794 0.6595885216219493 0.4591882481315306 True 101.84243620631302
107847618591 106472400760 295824742.2680412 5410942.562592046 0.19989104989266981 0.19989104989266981 True 0.0
108129564079 104993623620 3404123711.340206 919244477.1723121 0.30622310813176146 2.220446049250313e-16 False 1078.2865286222172
103214721905 103323029848 29976583.210603826 15556259.204712812 0.20150139614462237 0.1522368124380873 True 44.84352968398713
102683217344 102305036935 24110751.104565535 9652739.322533136 2.0961286007975626 1.4745383890944836 True 70.31899679014228
102378784805 103772208614 10093136.966126656 6330368.188512518 1.3133368496053448 1.3003338586489348 True 0.0
105347286887 103840284209 1393092783.5051546 117530338.73343149 1.1962672242257062 2.220446049250313e-16 False 1167.8366424976032
102947476466 104016591179 102080265.09572901 1703284.241531664 0.3734980798496843 0.2131669294293692 True 47.301176244255934
102824141903 103332492485 79169366.71575846 2154462.444771723 0.8653514695238878 0.8653514695238878 True 0.0
105885972739 102965846076 60631222.38586155 34344329.89690721 0.16678490086995468 0.16678490086995468 True 0.0
109336696136 103732072983 2912135493.3726068 10941354.933726067 0.37340564771870444 2.220446049250313e-16 False 377.16801899661994
104138805033 103007871711 2484860.088365243 1616524.300441826 0.1022514588298058 0.1022514588298058 True 0.0
102488453512 104320496407 2032179.675994109 1042139.911634757 0.13147514941129357 0.1277614347218703 True 41.75733585586738
110734717210 105811203842 548453608.2474227 1281212.0765832106 0.043876204633140015 2.220446049250313e-16 False 313.8278087187516
103533237293 103458853510 268584683.3578792 6672356.406480118 1.6331588426740256 1.6331588426740256 True 0.0
102291586681 102509064954 40862886.59793814 17379675.994108982 0.7581644762867565 0.7551008783982274 True 63.524055544756685
102378933110 102558945406 7263048.6008836515 1096499.263622975 1.9831511622356928 1.9831511622356928 True 0.0
103916198284 102626575769 1143718703.976436 1932474.2268041235 1.763484422238312 0.5968872476915363 True 43.10874868788555
102201511731 102171245513 1388061.855670103 1352250.3681885123 3.0087069114115854 3.0027931936545826 True 38.65197849846773
103675991222 104399274030 41012076.5832106 16734904.270986743 1.272107607016268 0.071120724784137 True 151.81962943612584
102680884700 102286519335 3608424.1531664208 3298114.8748159055 1.3521497472615098 1.203646143981993 True 32.278876207387135
102275829922 103048578146 1054026.5095729013 1028110.4565537554 2.1184318030148996 1.8268719670074143 True 45.236723330904134
103408929961 102158013497 17660382.91605302 13655773.195876287 1.7653414228787754 1.360371054909761 True 27.03016268923416
102938395885 102743271527 34235787.923416786 5911399.11634757 0.7157455686581324 0.7157455686581324 True 0.0
105841564447 105447732520 400882179.6759941 201310751.10456553 0.8747621395535441 2.220446049250313e-16 False 691.732962188986
103110573122 102572627609 78603534.60972019 1045861.561119293 1.4778603180581507 0.48446830346154357 True 31.54074008449535
104951278000 102425224986 42369219.44035346 2442930.7805596464 0.13962711400829653 2.220446049250313e-16 False 325.62739557349755
102405536416 103666442577 57342709.86745213 9496907.216494845 0.516583077662703 0.18230943315233605 True 19.900030488621905
113267211636 103048962408 23758468335.78792 3132650.9572901325 0.025651545144052657 0.025651545144052657 True 0.0
103569140254 102941971295 364973490.42709863 98534167.8939617 0.7256166059537223 0.6456162322421075 True 13.534883820669416
