102416573305 102163999948 16868777.61413844 1698424.153166421 1.6555135099249818 1.6555135099249818 True 0.0
102253687045 102877886955 20875405.00736377 4181428.5714285714 1.0893227251454167 0.9540002664885052 True 21.941180753279053
104514242350 102966761249 18655522.827687778 4220500.736377025 0.20303501674023217 2.220446049250313e-16 False 161.26852620679128
103119681787 102176641768 278381443.2989691 2878335.7879234166 2.65272785716373 1.673390626043504 True 69.76408870865552
102287240926 102636443080 45911929.30780559 1223488.9543446244 1.1614751635696332 0.8880148566263739 True 58.645615975057055
106143069890 103721169300 1374963181.1487482 1029332.8424153164 0.9245943917319426 0.9245943917319426 True 0.0
102302543604 101925201636 4348276.877761413 1514742.268041237 2.3440342429106478 2.0020281392528507 True 16.87820249678217
103731738071 103318294428 112556553.75552282 4285360.824742267 0.9284729387034876 0.9284729387034876 True 0.0
109696582096 102397475702 5743460972.017673 1186497.7908689247 0.44375352817268454 2.220446049250313e-16 False 1547.26369568868
102508707794 102257619712 10346170.839469807 1644683.357879234 2.763685702134386 2.763685702134386 True 0.0
106910852433 102295436623 134004418.26215021 15226804.123711338 0.7065603593333494 0.1671762731356945 True 173.01126792398898
104616194530 103349778998 102464064.8011782 1167664.2120765832 0.02692599971246068 0.02692599971246068 True 0.0
103859707604 104605596227 272500736.377025 255216494.84536082 1.136669957138401 2.220446049250313e-16 False 250.84597176037542
102438671157 101864313963 11425611.19293078 9958114.874815905 2.413854788272726 1.8268719670074143 True 9.290238781117015
102193229461 102129080760 9514609.72017673 1913033.8733431515 4.629964925318515 4.179135061771389 True 54.15390283002577
102124148838 103197666225 3417908.6892488953 1991737.8497790867 1.487859246875249 1.487859246875249 True 0.0
102359424937 102988408345 2569852.7245949926 2246804.1237113406 0.7118363210583256 0.6456162322421075 True 20.36889986020407
102170477454 102452845158 6069646.539027981 1907098.6745213552 1.8185369538380018 1.8185369538380018 True 0.0
103727403517 103723117625 469004418.26215017 328565537.55522823 1.5245130214381644 1.5245130214381644 True 0.0
102977968191 102227870067 237905743.74079528 1117372.6067746684 1.3449022996456854 0.5968872476915363 True 72.1565137665538
103607819133 102174479942 93623416.78939615 1280873.3431516935 0.9007251266358116 0.8164409946605706 True 40.64014442187206
102423542462 103967305238 22065979.381443296 3590412.3711340204 1.6416519834843917 1.1568371276889633 True 80.96102857662144
108375169316 105087651043 81222974.96318114 20553902.798232693 0.19418812523212026 0.19418812523212026 True 0.0
104018504879 102309725475 2718468335.7879233 1497761.4138438879 1.6473305642255633 2.220446049250313e-16 False 3451.280332804976
103389523429 102879608882 84679823.26951398 14199248.895434462 1.2203423323808065 1.0309944247165435 True 31.873556360108008
102612854484 102821681213 20569072.164948452 2465522.827687776 0.6409852475426245 0.6409852475426245 True 0.0
101215049631 102329179061 2002724.594992636 1341980.854197349 1.203351738664857 0.7551008783982274 True 61.20013404588082
102192908839 102228381465 141088512.5184094 14513107.511045655 3.1182938732142045 2.0936349718764466 True 106.65533480848693
108054997012 107938844561 3667908689.248895 1422889543.4462445 0.6110401358429043 2.220446049250313e-16 False 2121.1469428171945
111391285207 103071145311 32504418262.15022 4779646.539027981 0.23735577071797564 0.23735577071797564 True 0.0
103105801461 102863962726 299770250.36818856 5715508.100147275 1.0935305718269404 2.220446049250313e-16 False 1992.894285220947
102134962771 102233559128 33659351.988217965 1191843.888070692 3.493654959197613 3.493654959197613 True 0.0
105397801303 105096598503 8027614138.43888 612113402.0618557 1.321262766945218 1.0309944247165435 True 16.73823535364316
102539059212 103884789778 19915463.917525776 1282796.7599410897 0.27877728431183235 0.071120724784137 True 97.07551715007405
107564277537 102260419362 1541973490.4270985 5197054.491899853 0.11482098761991288 0.11482098761991288 True 0.0
102555747760 102935723270 508122238.5861561 4894536.082474226 2.8283813220932053 1.0309944247165435 True 290.41710780469924
107155429131 105122043744 580153166.4212077 41500883.65243004 0.3158985547486173 0.3158985547486173 True 0.0
103463615386 102205275248 98259646.53902797 1808483.063328424 2.322115656134453 1.3003338586489348 True 122.62420380176239
104319937431 102885829940 8152047.1281296015 3475802.65095729 0.3085476952549442 0.2609697716927266 True 27.927260179378955
104028180702 102339866083 48684683.35787923 13104683.357879233 0.9580698913467016 2.220446049250313e-16 False 528.0276571402345
102880820840 102130092885 257301914.58026513 38219293.07805596 0.8733783568598432 0.8733783568598432 True 0.0
104902592276 106176322539 105481001.47275405 48227835.05154639 0.37511104021649744 0.37511104021649744 True 0.0
102618229046 102174341628 7371944.035346096 1032126.6568483063 2.3189952737507302 2.0020281392528507 True 31.797777464696726
105105829913 102544531339 1616362297.496318 1341170.8394698084 1.1488924608256905 1.1488924608256905 True 0.0
103987282154 103702055239 1969322.533136966 1587790.8689248895 0.3857152161230737 0.3857152161230737 True 0.0
103494502870 102245236153 1887658.3210603828 1283726.0677466863 1.5507341012743465 1.411597290654902 True 46.64664254752323
109080758459 102731159833 30505743740.795284 13824285.714285713 0.5493402909041329 0.5493402909041329 True 0.0
102348619722 103026367963 51027245.94992636 9971134.020618556 0.9782745884694286 0.7855075427696514 True 21.04758055015569
102278911154 102868159262 11203902.798232695 6441782.0324005885 2.7803896069528924 2.7803896069528924 True 0.0
103416550851 102410253393 83959204.71281295 11785861.561119292 1.9809546805459917 2.220446049250313e-16 False 2318.813899029207
103609159882 102231569482 1912518409.4256258 4886362.297496318 1.2404696024286692 1.2404696024286692 True 0.0
102897740967 102296271280 12983181.148748158 1346272.4594992634 0.8436986069013326 0.8436986069013326 True 0.0
104669348997 102238508882 17139764.359351985 12124167.893961707 0.6179999255720035 0.6179999255720035 True 0.0
102630069068 102484232519 4266804.123711339 1317222.385861561 1.1135750699593348 0.9540002664885052 True 27.607931558632735
103236561656 102705215316 185531664.21207657 2527525.7731958763 0.0020823270756633594 2.220446049250313e-16 False 400.77535671388546
106463819261 102349496159 666226804.1237113 1782974.9631811485 0.08690335798792459 0.08690335798792459 True 0.0
102746451390 102768714048 21907363.770250365 3430721.6494845357 1.3045032297612766 0.9207242209599458 True 77.21484493134525
103927771820 103222523261 46594550.81001473 4994889.543446245 0.911212702684107 0.048368384261977315 True 185.25957444937092
108208304035 105949507102 263948453.6082474 166801178.20324004 0.0036966146316885773 0.0036966146316885773 True 0.0
102172798012 102268783956 3993770.250368188 2702945.508100147 3.9747778761678294 3.4948529728125486 True 84.0903215199759
104768121777 102326384360 76272017.6730486 5112754.050073638 1.2070475442181974 1.2070475442181974 True 0.0
106102110182 103978031506 9158321.060382916 1038145.8026509573 0.44263922189810945 0.1976388039191106 True 67.23238336324755
105559116012 103859070810 144469513.99116346 5946568.483063328 0.8142498439745134 0.8142498439745134 True 0.0
102644587103 102443811912 123551546.39175257 1174640.648011782 1.4637702583509493 1.4637702583509493 True 0.0
104713761276 103319248963 435608247.4226804 5314653.902798233 1.1490356202654057 1.1490356202654057 True 0.0
