102215356700 102737580156 5292371.134020618 1547569.9558173784 1.4216475921557992 1.411597290654902 True 39.40057484821399
103408677744 103979983102 1238057.4374079525 1006350.5154639173 0.4824785855968312 0.4824785855968312 True 0.0
103771884035 102287814811 2058041.237113402 1013082.4742268041 1.222651934929642 1.222651934929642 True 0.0
102370764453 102173504474 5497864.506627393 1812415.3166421207 1.6690866385522876 1.5282423550944397 True 24.40446580932584
104033231817 102308079799 123479823.26951396 1646067.7466863033 1.4219760418129948 1.4219760418129948 True 0.0
102762748505 102164133350 6737982.3269513985 1795154.6391752576 0.9132640859285166 0.9132640859285166 True 0.0
108713476476 103363210851 59159499263.62297 1029216.4948453608 0.588552257015047 0.588552257015047 True 0.0
102921348440 103841231922 85788807.06921944 63486303.38733431 2.0399294736362115 0.5037153502812697 True 288.4274176104479
103460044162 103150379560 181061855.67010307 5046995.58173785 1.0408288214009471 2.220446049250313e-16 False 966.6436335803728
103694029816 103278641401 22500883.652430046 18944477.172312222 0.2710776450490253 0.22889638666090595 True 25.592473139451112
105297583556 103036891327 126462444.7717231 2709101.620029455 0.4517180357093602 0.22889638666090595 True 29.608841114692957
105059636610 102784559414 537969072.1649485 1441627.3932253313 1.236866239872588 1.236866239872588 True 0.0
106816976780 102283744691 73191605.30191456 15623711.340206182 0.06538706577486675 0.03494962427363446 True 37.902709137358464
103165163536 103008468357 93837555.22827686 2719469.808541973 0.4428931739609727 0.36230045257092924 True 50.45958639695189
105578699696 104334457677 1453384388.807069 5640898.379970545 1.0946575758527874 1.0946575758527874 True 0.0
112087015593 103042626767 13148792341.678938 1286767.3048600883 0.12829122550479743 2.220446049250313e-16 False 2682.2327528038863
104564205157 103010633523 295597938.1443299 5383416.7893961705 0.9647793651011958 0.84791036052719 True 62.578329048890566
102938936063 102581025396 185599410.89837992 2360103.092783505 1.1113037089272257 0.18230943315233605 True 88.58088029289742
103173064317 102360024555 15162444.771723121 2839499.263622975 1.963208799544851 0.996407191488285 True 54.222791074673324
103926433423 102882142447 8397393.22533137 2614653.902798232 0.7586375483185668 0.5764476321643068 True 22.03009062097821
102230465189 102228228921 10683063.328424152 1160366.7157584683 2.5646048991929735 2.5646048991929735 True 0.0
102336371518 102590613159 5649027.982326951 3463726.0677466863 1.775749938239564 1.411597290654902 True 15.643204768983383
103358970097 102400991361 11038276.877761412 2613873.3431516937 1.813438105768392 1.743164357840807 True 78.40608237720974
104787469004 102249332711 617409425.6259203 1073980.854197349 1.4428674377984878 1.4428674377984878 True 0.0
102667023799 102889073298 26633136.966126654 2786863.033873343 1.2626789213357044 2.220446049250313e-16 False 3219.543907283564
106935465963 104767668764 151880706.92194402 7475449.189985272 0.5919663012573351 0.5919663012573351 True 0.0
109559786821 105573731824 632405007.3637702 99981296.02356406 0.1090765717555906 2.220446049250313e-16 False 858.1733429506829
105877016347 102953197359 17151840.94256259 2757069.219440353 0.8357988111366899 0.8357988111366899 True 0.0
105610881557 103042606259 654291605.3019146 2981782.032400589 0.28264327125339905 0.28264327125339905 True 0.0
102646900588 102775636854 9053976.435935197 1092169.3667157583 0.5594055546025856 0.5037153502812697 True 35.789592820513015
102237040765 102142210668 69984241.53166421 22732989.69072165 2.09654085421176 1.9131339123049793 True 27.27286908249847
106954306495 105770473685 8260868924.889543 1242792.3416789395 0.8507653840245633 2.220446049250313e-16 False 310.60373556193804
108769264060 102550726796 1673505154.6391752 28976730.486008834 0.12791325895873307 2.220446049250313e-16 False 913.7591434863602
102483018483 102805870687 10261281.296023563 3265301.914580265 1.4128945082520992 1.411597290654902 True 52.642164736643196
102140893110 102382289421 4285434.462444771 2482621.5022091307 1.9883662900329018 1.743164357840807 True 38.65294618751511
103999296186 102671661522 167029455.08100146 1023050.0736377023 1.081451354400396 2.220446049250313e-16 False 0.0
105270477642 105856813099 425203240.05891013 3104344.624447717 0.4685689529837651 2.220446049250313e-16 False 422.7898255231689
108196133874 104122155130 3377098.6745213545 1404810.0147275403 0.40424784974548 2.220446049250313e-16 False 855.5140948968946
103063844005 103521815690 199516936.67157584 5070942.562592046 1.589707466644568 1.589707466644568 True 0.0
102944150724 101010780167 8631796.75994109 1233864.5066273932 1.5221444280785295 1.5221444280785295 True 0.0
112079318358 102502674156 5357437407.952871 1563829.1605301914 0.14652996972014343 0.14652996972014343 True 0.0
103316763356 103610506413 15211045.655375551 1787216.4948453608 0.5556430172629707 0.4220730788650984 True 46.077992812396495
102770863108 103280045843 93670397.64359352 20540500.736377023 1.2791347492837817 0.7855075427696514 True 153.6019688668855
103611011481 103402496032 4233784.977908689 2048762.886597938 0.44904225552121324 0.4405111331274656 True 29.57029562108875
102934558952 105095220889 6904477.172312223 5242827.687776141 0.7067904658684574 0.4591882481315306 True 98.8747917010962
108861908707 102706072374 656269513.9911634 1045525.7731958762 0.34360023056179956 0.34360023056179956 True 0.0
104824316231 103095324023 1046268041.2371134 2962120.7658321057 1.4193743497931437 0.5496011961218188 True 321.9662712752166
102761147267 100382172164 6532209.13107511 6430309.278350515 1.9939850839663116 1.9939850839663116 True 0.0
103723163821 103790217403 52503829.16053019 11781782.032400588 0.5276131350287803 0.4591882481315306 True 19.89866652198747
102650362515 102972108065 23503240.05891016 2555773.1958762887 1.1543784510449813 1.1543784510449813 True 0.0
103845987006 104467773726 938265095.7290133 48082326.95139911 1.193911019356877 1.193911019356877 True 0.0
105340583532 103247429169 5955846.8335787915 1828468.3357879233 0.17456089041111977 0.17456089041111977 True 0.0
103516129288 103239665933 1198952871.8703978 2796789.3961708397 2.2813566440909328 2.2813566440909328 True 0.0
102564627977 102144276713 25470397.64359352 1227976.4359351988 2.2563531449858676 1.9131339123049793 True 48.28620702518587
106457751860 102425283314 1600736377.0250368 5494020.618556701 0.2669903404656444 0.2669903404656444 True 0.0
102848903014 102165454093 41464359.35198822 2494477.172312224 1.7046910160983209 0.9207242209599458 True 212.5302867044614
105920414763 102745552886 133661119.29307805 7272827.687776141 0.5905786843369356 2.220446049250313e-16 False 1642.2176727964043
108243847923 102552507257 82936524.30044182 1762002.9455081 0.11317667226965589 2.220446049250313e-16 False 956.0211058572537
102973405843 106459054700 4712253.313696613 3455817.3784977905 0.1030660824828693 2.220446049250313e-16 False 54.782793833580605
106070208356 103060767421 1116874815.9057436 3847805.59646539 1.019581865770511 0.18230943315233605 True 642.4344410115383
103873290283 104385501380 34018409.42562592 2886671.575846833 1.674826671231704 0.9207242209599458 True 88.0583206722765
102336339935 103501160269 16115022.09131075 1269382.916053019 0.6141216272928598 0.6141216272928598 True 0.0
107686707397 102802438930 97429896907.21649 1004304.8600883652 0.7761295295743327 0.7761295295743327 True 0.0
104971997970 102979835385 2266759941.089838 4914521.354933727 1.0015051318591581 2.220446049250313e-16 False 1084.3429800411463
103011765946 102538016002 30314580.265095726 1241752.5773195876 0.815953148408771 0.815953148408771 True 0.0
