106034865365 106499996492 458222385.86156106 24364212.07658321 0.2885086929238969 2.220446049250313e-16 False 608.8317227313975
108129564079 102242745416 3018350515.4639173 1294413.8438880707 0.3618430639289989 0.3618430639289989 True 0.0
102455389320 102182229964 96202209.1310751 10543784.977908688 2.387843739095378 1.3003338586489348 True 285.86031624708846
102111985006 102138055242 3135935.1988217966 1483932.2533136965 4.867546016229633 4.667873726919812 True 27.198434740890068
102252431251 102361900899 15958762.886597939 2746008.8365243 1.6498208721090455 1.5282423550944397 True 23.2781746489673
104844062035 105108349568 2734329896.907216 1127354933.7260678 1.2635905979500923 2.220446049250313e-16 False 351.61243400038404
102962983965 103119681787 80582621.50220913 52771723.122238584 2.868666509340895 2.0020281392528507 True 213.0636535092649
103156632654 103224936781 199195876.28865978 2324639.175257732 2.2406612245162503 1.5942278127692182 True 49.5631375989549
102944706945 102333421216 27048159.057437405 2408159.057437408 1.2605511223636325 0.7031299012575629 True 38.817669916819305
105325428571 107827918619 847372606.7746686 131586745.21354933 0.4052029042733627 0.4052029042733627 True 0.0
102545123511 102398691754 114280117.820324 2241119.2930780556 0.9769448689384399 0.8880148566263739 True 62.50689747136255
102696074462 106795490917 4606318.114874816 1248357.8792341677 0.31470829909613807 0.31470829909613807 True 0.0
103052163239 102865464653 20954050.0736377 4964344.624447717 0.022868265818913436 0.022868265818913436 True 0.0
102273320144 102415852883 59586008.83652429 2841001.47275405 1.7413257599640342 1.203646143981993 True 132.1743416572105
102567884933 102561143323 11083976.435935197 3074889.5434462437 1.755428193541276 1.5282423550944397 True 36.05123783530144
103286215898 102570477191 11367673.048600884 1115027.9823269516 1.080650161562485 1.080650161562485 True 0.0
104770438993 102217453041 257117820.32400587 1519410.8983799703 0.7026725147791977 0.13748857177388185 True 168.99724388539096
102231468144 103453627893 30549042.70986745 12144020.6185567 1.611695695664324 1.360371054909761 True 66.21131851167594
103547245936 102275160364 112266273.9322533 7161237.113402061 1.3423866577655974 1.3423866577655974 True 0.0
103034390663 102886892658 6106907.216494845 1021702.5036818851 1.085962515253601 0.9207242209599458 True 129.07693592853767
104273629450 104201479043 26316936.671575844 4629101.620029455 0.9782745884694286 0.7855075427696514 True 75.5729953092916
102256389932 103930984000 3349469.808541973 2000633.2842415315 0.9166046964481482 0.9166046964481482 True 0.0
103432252735 105018577015 6492061.855670103 5578453.608247423 0.20626825234649315 2.220446049250313e-16 False 283.09384683531283
105130642690 103325209989 181508100.14727536 1023324.005891016 0.7735685085175628 0.22889638666090595 True 78.65030689120948
107678168667 102719395436 8345272459.499263 20266715.758468334 0.7450027483793284 2.220446049250313e-16 False 303.9147510189926
108808647074 102539070341 72617231222.38585 4851237.113402061 0.5691394211758505 0.5691394211758505 True 0.0
104648825900 106076427544 557668630.3387334 98850515.46391752 0.2850992739189102 0.22889638666090595 True 17.382288926726574
112017202855 102233119934 4075876288.6597934 2813519.8821796756 0.06875173004186297 0.06875173004186297 True 0.0
104971855705 102690362769 186833578.79234168 1610515.4639175257 0.5947462678950464 0.09907626912006773 True 38.108882460754465
102177788052 102372487314 9979248.895434462 3850471.281296023 2.1362709738121373 1.9131339123049793 True 12.832032286578173
102180706428 102985097779 10826008.8365243 6027997.054491899 0.8809331685635877 0.84791036052719 True 21.39827998068822
103252444260 102406951969 152920471.281296 23849484.536082473 1.4438465166633674 1.1568371276889633 True 39.59376826238015
108597379616 102921741176 1206241531.664212 10781870.397643592 0.24341147345503011 2.220446049250313e-16 False 159.1596054867894
102246557881 100811297037 21488659.793814432 1571251.8409425626 3.4248374978428915 2.9009801841876754 True 25.410830995802794
111596233119 104013511753 64839027982.32695 1666759.9410898378 0.17641384356754553 0.17641384356754553 True 0.0
102657034476 102577991171 97587628.86597936 23869661.266568482 2.1090370379582333 1.743164357840807 True 147.04299012395055
103909515577 103917416721 96102061.8556701 5796200.29455081 0.20335784974392546 0.1671762731356945 True 48.149648394479414
112714626116 107329989762 56661561119.293076 5057422.680412371 0.08438934782655827 0.08438934782655827 True 0.0
102729229720 102632093039 6920117.820324006 1617687.7761413844 1.203647918764723 1.1568371276889633 True 13.355667280778432
103082578804 102333453431 135477908.68924886 8675714.285714285 2.1061109627080317 1.673390626043504 True 28.315009634916965
105719666520 102501030598 10535243004.41826 1238057.4374079525 1.2663249048710123 2.220446049250313e-16 False 346.9614786371138
105026502067 105666181367 98858762.88659793 32174374.079528715 0.825237189572785 0.825237189572785 True 0.0
102353496441 102605385435 1700265.0957290132 1009008.8365243004 1.3565730714395126 1.3565730714395126 True 0.0
105192291827 103876911050 9830412.37113402 4804153.166421208 0.2770625518008496 0.2770625518008496 True 0.0
102951533719 103603856572 460378497.7908689 17681590.57437408 1.5784360238453763 1.5784360238453763 True 0.0
103973153490 103279056721 7578247.4226804115 1909278.350515464 0.04401679196608188 0.03494962427363446 True 27.81674656021512
104356285544 103470683081 104488954.34462444 16654050.073637703 0.0823541635999967 0.071120724784137 True 0.0
102858630004 102837194771 79616053.0191458 6631163.475699558 0.9502681618722573 0.9502681618722573 True 0.0
105902626774 102517454737 139559793.81443298 4806877.761413843 0.40519105680203804 2.220446049250313e-16 False 568.7764384181525
103301335710 102251557232 16081148.748159057 5241251.840942563 0.9655710573592944 0.9655710573592944 True 0.0
104076145747 102249960781 2433210.6038291603 1080067.7466863033 0.29805395750690566 0.29805395750690566 True 0.0
102430719921 102362984011 2464005.8910161997 1782356.4064801177 1.5534761747905512 1.5282423550944397 True 64.3227078052256
102202295791 102221578158 34383210.60382916 2392636.229749632 3.4242306262940874 3.0027931936545826 True 36.3756023677306
103235861498 102250390129 198985272.45949924 9944477.172312222 1.722258821479711 1.360371054909761 True 43.739842292760095
102113051622 102204257651 9010913.107511045 1577525.7731958763 2.228503814477257 2.228503814477257 True 0.0
108653485266 102691203945 182243004.41826212 1936008.8365243003 0.012422423131827509 0.012422423131827509 True 0.0
103209827001 102701391990 51880412.37113402 1150150.2209131075 1.020936906349784 0.071120724784137 True 292.1047925400414
106366873450 103237387205 57157584.68335787 5441148.748159057 0.6841537969247351 2.220446049250313e-16 False 675.3284534387144
103997862717 102674612677 122235346.09720176 6393019.145802651 0.9945309960089435 0.9945309960089435 True 0.0
105147990733 102323820210 14107997.054491898 3904639.1752577317 0.4868606127649957 2.220446049250313e-16 False 339.8075671623498
103574847736 102540053313 18664359.351988215 1098618.5567010308 1.183630197858732 1.183630197858732 True 0.0
102458357204 102166142659 11655301.914580265 10613917.525773196 3.1006630772195862 2.5799397386909364 True 40.126862385213784
111972156114 103410463464 5066656848.306333 1817319.5876288658 0.16999843220210087 2.220446049250313e-16 False 3459.298808265993
102455608512 102299533580 9832739.322533136 1542827.6877761413 2.6059816022818656 2.313656533293852 True 41.848956558120086
105483116401 103232741162 1972916053.0191457 6197422.680412371 0.9628048481279747 0.9628048481279747 True 0.0
