105716948780 102372932291 194621502.20913106 9804167.893961707 0.3836712950471486 2.220446049250313e-16 False 471.5509148866663
106243974748 102160350042 4225022091.310751 1624123.711340206 1.0567075403011845 2.220446049250313e-16 False 1422.498489239156
102639404294 102838614298 10626568.483063327 1282014.7275405007 0.5361431439627269 0.5361431439627269 True 0.0
111590165341 110760552466 73254491899.85272 67675257.73195876 0.21007801372954504 2.220446049250313e-16 False 3072.9062591382512
102635857128 102274935732 161281296.02356404 3779425.625920471 2.1496559000929145 1.5282423550944397 True 29.839545382687106
101146749808 102648153919 12253313.696612664 1041727.5405007363 0.9756208388486081 0.7855075427696514 True 52.827787035127606
103037038782 102685586831 6274801.17820324 1498350.5154639173 0.7565153545789722 0.7031299012575629 True 19.652019240711486
103880336173 102268821394 101668924.88954344 8515508.100147275 1.1353833013025838 0.8164409946605706 True 125.41863697875895
104086728627 102898864081 188399116.34756994 6767349.042709867 0.46669717396788535 0.1976388039191106 True 255.6415333183004
102256418260 102352013857 1427876.2886597938 1342561.1192930778 1.9311673960388203 1.5282423550944397 True 16.70589135759836
102692599866 104264933364 60698674.52135493 14878939.617083943 1.6141467163703096 0.6456162322421075 True 149.03827387711033
102319881959 103790905673 3497938.1443298967 3241458.0265095728 0.9298946470512173 0.6741261037109307 True 57.0779155091517
105869050304 107206726714 432815905.74374074 1140723.1222385862 0.23974575294098677 0.23974575294098677 True 0.0
103237955418 105479156387 115676288.65979382 31257142.85714285 0.0993347925170478 0.06196112674705323 True 8.024652036881598
103304999395 102360431859 369764359.3519882 26608100.147275403 2.4711374917560485 1.2514710385618875 True 251.51220632768405
104636686958 102557397734 51479528.71870397 6212223.858615611 0.5065436724412486 0.3106562061254896 True 44.46797722250334
104563163050 103089918623 483281296.02356404 3292488.954344624 0.4950633009801635 0.4950633009801635 True 0.0
102350860129 102513911528 21319587.62886598 1756362.297496318 2.1463855895539994 1.4745383890944836 True 76.71330067975654
104318257787 104495340742 43879823.26951399 1145415.3166421207 0.44651649896718704 0.18230943315233605 True 61.92358757032171
105386134081 103363043298 3160662.739322533 1447432.9896907215 0.42886332493638 2.220446049250313e-16 False 164.61292973904906
105696777677 104311885459 30443888.070692193 14897201.767304858 0.4756292452008848 0.4756292452008848 True 0.0
107877690735 108234333025 6071281296.023563 2592827687.7761407 0.6917410891767479 0.5764476321643068 True 46.19362037473111
103291880293 102361796762 7754418.262150221 5675478.645066273 0.8372795034935872 0.7551008783982274 True 18.94619092774188
102843041184 102313495894 190885125.18409425 15213696.612665683 1.3105413829514396 0.7326361820223113 True 129.20103030904968
107749467562 104015214931 8011737849.779086 2892076.583210604 0.6437959851926858 0.6437959851926858 True 0.0
103128504267 103049367232 10889234.167893961 1201304.8600883652 0.3734980798496843 0.3734980798496843 True 0.0
102126628407 102270667257 9330088.365243005 1192774.6686303385 3.5997948491497276 3.089664292734822 True 28.50180403431274
104084577233 102172132655 110188807.06921943 20353166.42120766 1.0134903855834088 2.220446049250313e-16 False 407.4329719443533
104092526134 103177084521 58149484.53608247 1171967.5994108983 0.7335679428616004 0.4972720988322361 True 46.785331508828534
103523436504 102255318395 470589101.62002945 1985213.5493372602 1.4417162335062068 1.4417162335062068 True 0.0
107708393708 102305494951 1588718703.976436 58428424.15316642 0.4779584664111769 2.220446049250313e-16 False 1118.9785168025805
103589010683 102856362687 29855375.552282766 12108365.243004417 1.00927481253466 0.996407191488285 True 48.685625572574054
104392756356 102491089286 121520029.45508099 40892930.780559644 0.9994921289992342 0.84791036052719 True 14.122209693307905
102288264072 103704236455 15604270.986745212 7489955.817378498 0.8086584095381408 0.7326361820223113 True 28.298648012949947
103214765825 104319981744 484758468.3357879 1551899.852724595 1.290168991569888 1.290168991569888 True 0.0
103225137285 102429061440 312622974.96318114 5950795.287187039 1.4955454513693058 2.220446049250313e-16 False 1293.758653352946
106365756980 102937250135 183406480.11782032 1697628.8659793814 0.5608708410596439 0.5608708410596439 True 0.0
102229658870 102219336865 15130191.458026508 1169403.53460972 4.312875221812541 4.179135061771389 True 137.6368601070764
102299015788 102134250673 4874801.17820324 3766008.8365243003 2.6832412523020257 2.313656533293852 True 16.37553234449742
108012233311 105819419946 1369846833.5787923 49479675.99410898 0.14223054781377065 0.14223054781377065 True 0.0
102325556566 102174529488 71711045.65537554 16683799.705449188 1.7060523567009978 1.360371054909761 True 45.052314227488274
111504666174 102657781275 5443578792.341678 1413125.1840942563 0.10158606361439193 0.10158606361439193 True 0.0
103011392005 103115714109 9545110.456553755 1324300.441826215 0.6175916325220034 0.4405111331274656 True 16.514162107204793
103543452912 102194553875 71352430.0441826 42731958.76288659 0.48546472764004234 0.3448634685112386 True 35.604117172221635
102531644368 102370858563 36164801.17820324 2815640.6480117817 2.3189952737507302 2.3189952737507302 True 54.630004529073595
103404863723 102229459016 9004771.723122237 3722002.9455081 0.8736275678065817 0.8736275678065817 True 0.0
102596835867 105274883238 30003534.609720174 20356406.48011782 1.0006962422923178 0.3448634685112386 True 121.0239402859268
106577611131 103600703944 70550220.9131075 40352871.87039764 0.9791359488274609 0.7551008783982274 True 34.48266079373037
102747632132 102268653607 112519882.17967598 5283976.435935198 2.4129459867168146 1.8268719670074143 True 26.022525768098195
108348237133 103107153418 120084977.90868925 8358924.889543446 0.2147140745275673 2.220446049250313e-16 False 100.92469535262957
103115148010 102123364472 463505154.63917524 2151723.122238586 2.523695087616678 1.9131339123049793 True 70.13949893852569
102132128523 102221717963 9110898.379970545 1469543.446244477 1.0606447757503323 0.9540002664885052 True 39.711660897334646
104946625055 105283119688 5036465.390279823 1249624.4477172312 0.29006623200035087 0.2609697716927266 True 77.83091614511834
103799861152 103598857757 459019145.8026509 118209131.07511045 1.6848953159316316 1.6848953159316316 True 0.0
108212978941 106132496605 349609720.17673045 1240808.5419734903 0.49125750288931136 0.49125750288931136 True 0.0
110266283362 104981713485 165634756.99558172 1460851.2518409425 0.09040908877783682 0.09040908877783682 True 0.0
103947462802 102723650838 603858615.6111928 1043655.3755522827 0.9269196455238622 2.220446049250313e-16 False 756.1266178720846
102482155306 102458596434 3987496.3181148744 3407776.141384389 1.343330763480596 1.3003338586489348 True 31.165602525349236
100137530262 102166033244 1446505.1546391754 1234388.8070692194 2.775194705666945 2.7370140461629733 True 49.8855925144921
103231300822 102789420276 572346097.2017672 6232695.139911634 1.863524425863353 1.863524425863353 True 0.0
108472236369 106142880760 547123711.3402061 26302650.95729013 0.2462503442766577 0.2462503442766577 True 0.0
108866740317 106181634004 1151042709.8674521 1483092.7835051545 0.11194506991354625 0.11194506991354625 True 0.0
102848439803 102290088403 48408983.799705446 5059381.4432989685 0.16490784996452845 0.16490784996452845 True 0.0
102627494496 102171664695 4549808.54197349 2825081.001472754 1.0812087660513225 1.0309944247165435 True 23.74916589187735
106188482175 102343963463 329511045.65537554 3272680.412371134 0.46271752437984426 0.46271752437984426 True 0.0
