104770438993 102653584414 397287187.03976434 4124079.528718704 0.5091742703896989 0.1671762731356945 True 142.74291677261974
102196956171 101104449749 20025478.645066272 14050868.924889542 2.302389939599288 2.0936349718764466 True 17.29501220362722
103608155593 103842843483 4553564.064801178 2834153.1664212076 0.2931859446206051 2.220446049250313e-16 False 188.43807785935863
105550134256 102811735265 1558865.9793814432 1481119.2930780558 0.7065603593333494 0.4591882481315306 True 81.86420425801612
102171474740 102714248452 3877201.7673048596 3426008.8365243003 0.2846683821271796 0.2846683821271796 True 0.0
102884363039 102563058970 38000441.82621502 1292986.7452135494 1.1007079385753 2.220446049250313e-16 False 214.30409481422114
103332371568 102326616054 47496318.11487481 2019189.9852724595 0.3644035305305755 2.220446049250313e-16 False 127.2388009732779
102304265615 104630356352 3124594.9926362294 1196051.5463917525 0.37728146674967067 0.048368384261977315 True 113.03508952580913
103449928340 103394425179 4875272.459499263 1050544.918998527 0.6748006149867858 0.5297668260277173 True 20.043321895523086
105994627951 104160918140 3187378497.7908688 120301178.20324005 1.0143015409406786 1.0143015409406786 True 0.0
104118162985 103224806658 5874580.265095728 1763858.6156111928 0.734030876153781 0.734030876153781 True 0.0
110552910837 103434823446 5083976435.935199 6464020.618556701 0.02506698812767416 0.02506698812767416 True 0.0
102530995006 102190243948 3133843.888070692 1598055.9646539027 2.1658693952239694 2.0936349718764466 True 31.03140152606406
104157738712 102920662715 3912415316.64212 4110898.3799705445 1.9441812673522687 1.8268719670074143 True 206.96022378750678
102320641849 103786556958 1634388.8070692194 1534020.6185567009 1.5634321280075465 1.1110224107812057 True 49.4988670113116
102433751556 103847961506 66596759.941089824 51157437.40795287 1.1953800422391119 0.2131669294293692 True 353.00181410124344
102304236760 102200567630 9943814.43298969 1334474.2268041237 1.972368859085937 1.972368859085937 True 0.0
103566408318 103518828410 9362312.223858615 5509734.904270986 0.43838739512357905 0.43838739512357905 True 0.0
106560853011 106004858922 42161855.67010309 14370117.820324006 0.09007983744729464 0.09007983744729464 True 0.0
107086879769 103083552437 600434462.4447716 2026745.2135493371 0.6363666115756572 0.6363666115756572 True 0.0
104201061572 102656482121 7601605301.914579 4992017.673048601 1.576363411517375 1.576363411517375 True 0.0
105109815789 101638127167 62521796.759941086 2676156.1119293077 0.7568671544901131 0.2131669294293692 True 199.0202121492814
113134852627 102984021420 13319293078.055964 2487731.9587628865 0.014904893262452257 0.014904893262452257 True 0.0
102960545673 104776003810 10659572.901325477 2395125.1840942563 1.064933911790153 0.996407191488285 True 33.92075544353448
103176379231 103918422923 3927967.599410898 2081001.4727540498 1.1892041586122195 1.1892041586122195 True 0.0
102177086773 105687117021 37644771.72312224 32286156.111929305 0.15851631133040534 0.08500846539228979 True 56.55125601780365
102136869333 102248654497 17288070.692194406 1569410.8983799703 3.728736056139555 2.313656533293852 True 15.416522988597519
106463819261 103796525991 668536082.4742267 60781443.29896907 0.07421539307689673 2.220446049250313e-16 False 52.94538738025791
108133877896 105428238542 1872341678.939617 243701030.92783505 0.5302289069421895 0.2938802509161855 True 59.275523212619035
102470365321 102384458697 12340839.469808541 2577290.132547864 2.1413250737426064 1.8268719670074143 True 43.00969702213836
107916458332 106776014180 5520265095.7290125 3280574.3740795283 0.5055819450613148 0.4405111331274656 True 27.99392387649627
104570673236 106888003038 9806804.12371134 4016185.567010309 0.2984028346730687 0.2938802509161855 True 70.49726767426834
102840373377 102109441904 1590220913.107511 2781399.11634757 2.67041171008152 2.67041171008152 True 0.0
103058809149 102665058338 143907805.59646538 1884506.6273932252 1.1804068639208078 0.7855075427696514 True 23.583721158468652
108562016754 103655930791 16043298969.072165 1305711.3402061856 0.47676894768398315 0.47676894768398315 True 0.0
104279796237 102287097045 5504565.537555228 2019867.4521354933 0.4405589368675047 0.3276496719374833 True 27.566555434318094
112388429363 103807675641 4780692194.403534 2226244.477172312 0.040519926997121924 2.220446049250313e-16 False 391.7798624964961
107336378695 105663044595 494474226.8041237 1313076.5832106038 0.7923491782975194 0.03494962427363446 True 353.1141669278744
105015578999 100801592147 77270544.91899852 1404810.0147275403 1.3242246967467826 2.220446049250313e-16 False 2261.796468739074
104856087392 104776120139 2309602.35640648 1747010.3092783503 0.5111994994907256 0.5037153502812697 True 0.0
107114671439 102312087083 123646244.4771723 48474374.07952871 0.46950555546575234 2.220446049250313e-16 False 822.311252760495
105494699493 109480530062 117883357.87923418 61017231.22238587 0.22506832818600442 0.22506832818600442 True 0.0
103210830026 102187659196 2908129.6023564064 1733092.7835051545 1.5153815582285675 0.9540002664885052 True 16.194042061545687
108076004082 102259872430 14805596465.390278 4996612.66568483 0.6625960772708153 0.6625960772708153 True 0.0
102960108856 102677368156 142766863.03387332 1286226.8041237113 2.1869665814684267 0.1671762731356945 True 158.54950210105633
104192236896 102336556929 3966347.569955817 1780412.3711340204 1.1536546442485576 1.1536546442485576 True 0.0
108343839373 102167784258 12058659.793814432 1259491.8998527245 0.036478873969351344 0.01296561656105788 True 27.139103738349924
102997997711 104560845160 92249779.08689249 17054786.45066274 0.8704874490292172 0.1671762731356945 True 139.77963997931306
103518182185 104770438993 241069219.44035345 2442179.675994109 1.0711781068189397 1.0711781068189397 True 0.0
104838645544 102460073164 20798674.521354932 4267275.405007363 0.6477151957238494 0.5764476321643068 True 51.20646545735155
104597402202 103272144194 98363475.69955817 2288173.7849779087 0.18350058169053596 0.1522368124380873 True 38.493717576149514
103181139887 102667438192 10229882.179675993 1072213.5493372607 1.8627538546980653 1.0309944247165435 True 98.10674133025749
103840621225 103166705353 94248306.33284241 13297673.048600882 0.9500703975413514 0.9500703975413514 True 0.0
106720084144 104205104796 492973490.42709863 41280412.37113402 0.39359420487785846 0.1133264705968362 True 27.81342427830639
112279384487 109548367404 12653608247.42268 83804270.98674521 0.13390769537796543 2.220446049250313e-16 False 152.62752296824098
103442215245 102306534850 24637555.228276875 9762621.502209129 1.467241204901915 0.84791036052719 True 118.91004644781628
102114314614 102141487930 4407938.144329896 1095070.6921944034 3.0394900547754853 3.0027931936545826 True 24.87485251186623
100152016212 102372035025 4783446.244477172 1046276.8777614138 1.3565730714395126 1.3565730714395126 True 0.0
101980954466 102113893768 5442857.142857143 1876995.5817378496 4.801002413217003 4.667873726919812 True 35.35236484604366
104880689345 102636969345 676241531.664212 17885125.184094254 0.37359052442312635 0.37359052442312635 True 0.0
107310799108 106897316807 991795287.1870397 736671575.8468335 0.018947325518007485 2.220446049250313e-16 False 184.79399090588254
102692159369 102573849895 4669779.086892488 1832945.5081001471 1.895210742389939 1.895210742389939 True 0.0
103742554258 102919924632 2963578792.3416786 2426730.4860088364 1.7660833918820984 0.3448634685112386 True 162.4143632939461
109459987138 103078722280 10506818851.25184 39675846.83357879 0.273040440675679 0.273040440675679 True 0.0
