102305910051 102264123351 55910456.55375552 5583313.696612665 0.6068825995503944 0.5496011961218188 True 26.278281205951238
103466741871 103143933463 7931045.655375551 2127643.593519882 1.3034203488760459 0.6245529022286576 True 40.754342303684936
102272380577 102798906739 3737952.8718703976 2215949.9263622975 0.8693580437541946 0.8693580437541946 True 0.0
102406947448 102677479265 3102798.2326951395 2228895.4344624444 0.34396137992578657 0.34396137992578657 True 0.0
102930839837 102471318436 109796612.66568482 1928998.5272459497 1.8196734254238676 1.8196734254238676 True 0.0
109326884703 102635038841 3843298969.0721655 2135994.1089837993 0.2561567382131673 0.2561567382131673 True 0.0
108273697854 102818865380 3172459499.2636228 3408600.88365243 0.5715906697805115 0.5715906697805115 True 0.0
103358970097 102327739565 8628527.245949924 2028851.2518409423 1.8192918502730486 1.5942278127692182 True 137.19320126046773
102853543020 102688492541 3002680.412371134 1176918.9985272458 1.7779861267372832 1.743164357840807 True 58.64167092450346
105801999960 102603205689 407952871.8703976 38573784.977908686 1.1983288304231126 1.1983288304231126 True 0.0
105635273376 103718685237 80919587.62886597 3158910.1620029453 0.24604070565777247 2.220446049250313e-16 False 1206.1105758103563
103185885394 102427386052 4604388.807069219 1120238.586156112 2.0425840057443985 2.0425840057443985 True 0.0
102904684590 103448787809 5220132.547864506 4045125.184094256 0.9114355454376899 0.9114355454376899 True 0.0
104257850483 102694275926 117404712.81296022 1785508.1001472753 1.6032921232190227 1.6032921232190227 True 0.0
103112599193 102226888013 3310927.8350515463 2942827.6877761413 0.8314951227284881 0.7326361820223113 True 40.725703885181176
107333990515 106642854106 70097790.86892489 6492400.58910162 0.4849662021692387 0.1522368124380873 True 224.99535767317795
107031583702 105911530944 28064801178.20324 149075110.45655376 0.871870466563714 0.871870466563714 True 0.0
109537307153 102824250881 3139970544.9189982 8019617.083946981 0.09590962690852667 0.09590962690852667 True 0.0
103066516866 103687712494 6566023.564064801 2362400.58910162 0.6548072149594573 0.5037153502812697 True 51.03896295341666
102481937588 102258160495 4148865.979381443 2810265.095729013 0.8399907264467388 0.8164409946605706 True 25.90884962342248
102502150207 103327047279 4013372.6067746677 3108011.7820324004 0.2822995220869682 0.2131669294293692 True 13.427988441858624
106205550408 102658127836 583730486.0088365 25881296.023564063 0.7535122851070695 0.071120724784137 True 237.16061493297204
108256655958 103146335497 1614624447.717231 2209764.3593519884 0.06538706577486675 0.06538706577486675 True 0.0
103207327109 102421915566 54802061.8556701 5153240.058910161 0.29006623200035087 0.27731902224757854 True 24.212323614012135
102161961703 100822791748 1536759.9410898378 1359756.995581738 2.64000364000364 2.4442257045541464 True 15.149661965925315
104401064995 102243312602 70128424.15316641 4056347.569955817 1.3339129217088912 0.9540002664885052 True 47.39853373528456
103592958380 102182818265 100782621.50220913 7541384.38880707 0.9684768123273892 0.6245529022286576 True 210.78042685194788
103119681787 101818419006 1656715758.4683356 5439042.709867451 2.3158807476647914 1.1110224107812057 True 169.3062640714651
102801536506 102227059813 1481944.035346097 1229603.8291605301 1.1378210472757746 0.4591882481315306 True 40.472841564275754
105346132495 102203625652 33459499.263622973 1041740.795287187 0.19940749269860691 2.220446049250313e-16 False 501.69105612860153
103297187580 103628936778 9994565.537555227 3701487.481590574 0.5787761958440294 0.4591882481315306 True 18.847989238504155
102460273719 102542285514 3703843.888070692 3576406.48011782 1.7921885732474827 1.7921885732474827 True 0.0
103949052753 103336250612 462157584.68335783 1292898.379970545 1.3351500800956475 0.6741261037109307 True 545.1158800217171
105664345345 102895548509 89771428.57142857 4821119.293078057 0.06295906544638963 2.220446049250313e-16 False 818.3231349631396
102229337265 103177091174 74581148.74815904 20555964.653902795 1.0426088199848849 0.84791036052719 True 102.27765303794723
102916551597 103721861767 109719587.62886597 5971590.574374079 1.5281573525136207 1.5281573525136207 True 0.0
103006099052 102298985329 54286745.21354933 3448114.8748159055 0.4954657478525113 0.4954657478525113 True 0.0
105536811412 102328573303 55592194.403534606 1534064.8011782032 0.9378117454645516 2.220446049250313e-16 False 753.4776635672282
103501225985 102449202008 37483505.15463917 4888041.237113401 1.2459998742240068 0.3799635178799188 True 119.84048738223335
105207403690 102567246477 134733873.34315172 3007555.2282768777 0.854616604382459 0.09907626912006773 True 321.122167852755
104862425674 102503092298 681889543.4462445 25380706.921944033 0.374695161347971 2.220446049250313e-16 False 979.8594761205876
102714216245 102162497249 12696833.578792341 1540648.0117820322 2.722744854235925 2.5799397386909364 True 76.31587834248799
103962313529 103242556675 163405007.36377025 13611487.481590573 1.3863272991070366 1.0309944247165435 True 61.027933546667704
106108103381 104081150482 336795287.18703973 5220780.559646538 0.9240759625190003 0.9240759625190003 True 0.0
104225007121 102265941780 44591016.20029455 1877525.773195876 0.5082615023792825 0.5037153502812697 True 70.20335398167596
107491513980 105069685345 176073637.70250368 2468792.3416789393 0.03314536975239646 2.220446049250313e-16 False 187.993205990114
102388289884 102944733775 170944035.3460972 2157540.5007363767 1.0576047012152214 1.0576047012152214 True 0.0
104736503877 102796138362 311642120.76583207 14341811.48748159 0.06117797121873103 0.06117797121873103 True 0.0
102158240296 102126948707 6172002.9455081 2659499.263622975 3.8148451305063773 3.4948529728125486 True 33.191061599242545
106653706357 102613242071 268911634.75699556 2308762.886597938 0.7883840876737416 2.220446049250313e-16 False 1394.7195653976687
104718821795 102750151728 44679234.16789396 41334609.72017673 0.25396723885191785 0.25396723885191785 True 0.0
102657596362 102566501997 2656200.29455081 2098291.6053019143 0.7931301597320348 0.6741261037109307 True 33.1943868600157
106427455605 102357942656 7101487.481590574 3398600.88365243 0.019922139143897732 2.220446049250313e-16 False 0.0
103622457935 102391165315 121429896.90721649 10289263.622974962 1.5387798623981315 1.1110224107812057 True 45.3256421120351
104052148801 102488517988 3375743.740795287 2538055.9646539027 1.2077881936318557 1.203646143981993 True 68.05263411327265
103270269886 102639929091 9101708.394698085 1325779.0868924889 0.6798648044805355 0.4038710254479614 True 50.99519972005445
108619289407 102723241194 883986745.2135493 1141011.7820324006 0.2201877624928925 0.2201877624928925 True 0.0
104909348176 102657542529 5126524300.441826 1415418.2621502208 1.3900116632569168 2.220446049250313e-16 False 1208.5567610090989
102288112960 103038648379 2705257.7319587627 1028104.5655375551 0.8171708104218383 0.7551008783982274 True 21.77623584166452
102931746754 102473107851 16792194.40353461 8105434.462444773 0.8202237783113058 0.7551008783982274 True 23.267944165122575
110504045393 103218799967 14555390279.823269 1271637.7025036819 0.16084021614844812 0.16084021614844812 True 0.0
103532762840 102370716585 1890382.916053019 1184888.0706921944 0.19250771254363097 0.1671762731356945 True 19.81242487587016
102232778749 102691047628 34691458.02650957 14431192.930780558 1.8630899038860718 1.8268719670074143 True 34.95155957725198
102260002253 102591575851 14930633.284241531 4026126.656848306 2.9701602753703162 2.5799397386909364 True 35.4024623477426
104802809730 103016458034 145096465.3902798 1016980.8541973489 0.09114080953918946 2.220446049250313e-16 False 237.3334740246517
