109586165142 102238970357 224245949.92636228 6224594.992636229 0.1662365197636273 0.1662365197636273 True 0.0
107449672837 102729956308 2006848306.3328424 1928689.2488954344 0.32107376875924754 2.220446049250313e-16 False 597.4204808659861
102660474303 102355733095 303521354.9337261 1699013.2547864506 1.8427989060909806 1.8427989060909806 True 0.0
102748812689 103047013849 3187496.3181148744 1095421.207658321 0.9745597718988555 0.84791036052719 True 41.13035685218362
105060732325 104054979737 376154639.1752577 1535920.4712812959 0.5415137356581416 0.5415137356581416 True 0.0
102641041724 102341947586 25224447.71723122 1019057.4374079528 2.1123754271735278 1.203646143981993 True 61.45195890495992
103825339889 102430981996 103517673.04860088 24665095.729013253 1.2938620838360713 0.996407191488285 True 29.53217450284411
110447413389 103613172676 370117820.32400584 59457142.85714285 0.1931067066914196 0.1931067066914196 True 0.0
103414877879 103843693215 1075092783.5051546 501088365.2430044 2.121157075350974 2.0020281392528507 True 28.566263415213122
103035580324 102104978246 142949484.53608248 35966273.93225331 2.748069744081798 1.743164357840807 True 175.21940014898757
112208855859 107721240258 65972017673.0486 220969072.16494843 0.12372050374142729 0.12372050374142729 True 0.0
103030320222 102759898103 37257731.958762884 5052179.675994108 0.02864995864827158 2.220446049250313e-16 False 122.48525198514746
104832077518 103131960590 2451693667.1575847 40160972.01767304 1.2564602456833915 2.220446049250313e-16 False 1201.688878208856
106497462879 102803450885 317279823.26951396 3601369.661266568 0.31647369356441835 2.220446049250313e-16 False 891.5046794703003
102648612919 103231763324 47439322.533136964 38075552.28276878 1.8236463439427135 1.411597290654902 True 91.96251388870668
110268456692 103667620956 8321487481.590573 1407980.854197349 0.24918022547703056 0.24918022547703056 True 0.0
108076846674 102877705459 1944212076.5832105 3520824.742268041 0.5153627475345046 0.5153627475345046 True 0.0
112142227078 102903196377 36592194403.53461 2286288.659793814 0.1296550259481759 0.1296550259481759 True 0.0
103030984095 102394245264 121950957.29013254 26374521.354933724 1.2538868278346005 0.9207242209599458 True 16.843334102375678
103501225985 102640435258 53048306.33284241 2226539.0279823267 1.2310223659992192 0.6245529022286576 True 61.24233485644449
102135752752 102561816613 14367422.68041237 1369673.0486008835 2.748069744081798 2.0936349718764466 True 68.10065775547156
103201666772 103294167399 7317437.407952871 5060162.002945508 0.6928751961619133 0.5968872476915363 True 25.635007887476775
102663196492 103579236428 11384727.540500736 1260220.913107511 1.5582775628824623 0.7855075427696514 True 103.52729093898078
103225566778 102206342440 64912960.235640645 5872076.583210603 1.5864053362714898 0.3276496719374833 True 105.69918220277366
104676912423 103634105974 32452430.04418262 3533460.972017673 0.8731257035928426 0.5037153502812697 True 44.36981447335987
104366530310 102139655194 61342415.31664211 1733505.1546391752 1.2027208007330654 1.2027208007330654 True 0.0
104843484050 102180057019 330673048.6008836 8857216.494845359 1.2313957380341405 0.13748857177388185 True 440.45186438377795
107036805114 103198984202 646138438.8807069 1257181.148748159 0.41104822539519925 0.41104822539519925 True 0.0
104037962817 102281659126 204243004.41826212 1515390.2798232695 1.3034203488760459 0.5764476321643068 True 255.11702772963
102502432737 102223248422 34011045.65537555 23826362.297496315 1.7347136344617673 1.7347136344617673 True 0.0
103557670390 102286884526 613636229.7496318 1941443.298969072 1.2831102354114963 1.2831102354114963 True 0.0
106605117417 105530525970 2178807069.21944 8999749.631811487 0.28445221966188083 0.28445221966188083 True 0.0
106483928798 106263465044 251678939.61708394 104054933.72606774 0.5573146289464299 0.48446830346154357 True 19.396764388033667
102991373827 100912164386 1705110.4565537553 1048430.0441826214 0.11392438904032076 0.08500846539228979 True 12.03352383502603
103821516133 103230711401 20691016.20029455 19087039.76435935 0.3327362674854999 0.3276496719374833 True 25.645730937960188
104130352478 103357392505 7603946.9808541965 6986111.929307805 1.3629042929245196 0.048368384261977315 True 153.54841006272937
107068673990 108850251213 1660795287.1870396 1651266568.4830632 0.195411532374135 2.220446049250313e-16 False 453.58038084092885
107325299915 102137892142 2403622974.963181 36055670.10309278 0.45391102064553657 2.220446049250313e-16 False 211.17887714283887
104468477278 103176122554 100430044.1826215 79490132.5478645 1.0299045538878762 1.0299045538878762 True 0.0
102190282409 102360464472 66302356.40648011 3244815.9057437405 3.119413560285558 3.089664292734822 True 131.20788024104496
104138767395 104209084649 5979867.452135493 1229596.4653902797 0.10781229228519518 0.06196112674705323 True 45.146891496717814
103840552625 102441325905 8170412.37113402 4965552.282768778 1.2941673090335133 1.2941673090335133 True 0.0
100955795213 102899017200 14267113.402061855 4896863.033873343 1.172812466728809 1.0309944247165435 True 42.490998830058786
102132182499 100117108851 1928733.4315169365 1457287.1870397644 3.3128730635199943 2.5799397386909364 True 55.819794105821934
109479918089 103244614119 31143151693.667156 1373481.590574374 0.4811852444325948 0.4811852444325948 True 0.0
102124040128 102226737601 1182533.1369661265 1033880.7069219442 3.9694379565671127 3.089664292734822 True 26.21812647231042
102693521515 103679838888 5955154.639175258 5694050.0736377025 0.3698161021882811 0.3276496719374833 True 24.104927720141823
102112495304 102167351254 6780412.37113402 1033081.0014727539 4.033877998932818 3.4948529728125486 True 28.495170779760166
105197533827 105103236705 64265684.83063328 39891163.47569956 0.3084603739318057 0.3084603739318057 True 0.0
103723964551 102219972549 120712223.8586156 54095434.46244477 1.362111727884729 1.1110224107812057 True 35.190252822700245
104076314472 100446868526 2976200294.5508103 1850957.2901325477 1.7178787499932056 2.220446049250313e-16 False 1616.2683740883306
102974081222 102700751224 41297643.59351988 1747216.4948453608 0.20586387485062363 0.1976388039191106 True 36.07487913719285
103236750208 102374943241 191126656.84830633 4332430.044182621 2.5265407456517757 1.2514710385618875 True 134.75666149354814
103319420357 102827591542 10429720.176730486 2223593.5198821793 1.1562598379355107 1.1562598379355107 True 0.0
104037962817 102674287733 67706185.5670103 52585125.18409425 1.6924713117181733 2.220446049250313e-16 False 1158.0941415689383
105602603655 103714198773 80266421.20765832 2829396.1708394694 0.32107376875924754 2.220446049250313e-16 False 548.7860667318002
106060631681 102347399598 259061855.67010307 2397260.677466863 0.7792897786919373 0.4591882481315306 True 83.63256369264569
104742527216 104345969295 344039764.359352 5690324.005891016 0.30066919430046757 0.30066919430046757 True 0.0
110179465721 102686116856 14369086892.488953 1245924.8895434462 0.3396403601489144 0.3396403601489144 True 0.0
103317121766 103504571003 27943740.795287184 18462592.04712813 0.7894657728881618 0.6741261037109307 True 23.891541186077024
103388951878 102489752246 1526980.854197349 1238001.47275405 1.983551679590418 1.1110224107812057 True 71.56033550059843
106600959376 103149310300 598920471.281296 9544698.085419735 0.1895896629416649 0.1895896629416649 True 0.0
106954306495 102686743902 7987599410.898379 1732120.765832106 0.8689842070834501 0.09907626912006773 True 378.11315366976623
102318828262 102128075284 122687187.03976434 23435198.82179676 1.9092263203523658 1.9092263203523658 True 0.0
103439888973 103811001753 3839234.1678939615 2566097.2017673044 0.3064415406603802 0.2609697716927266 True 28.376997044083968
