107521195892 105650540666 2313726067.746686 113057290.13254786 0.7576947481838621 2.220446049250313e-16 False 941.9780363554672
102748375313 102298806258 209998527.24594992 4356215.0220913105 1.6533785469037725 1.411597290654902 True 60.51121666088748
102302880360 102277111883 11335832.106038293 7461354.933726068 2.5142591063239093 2.0936349718764466 True 25.991577866486082
102559859862 102253858546 120566126.6568483 14698851.251840942 0.8013928369415231 0.5037153502812697 True 53.60042606914815
102565362187 102144017222 4035036.8188512516 1728217.9675994108 2.7803896069528924 2.4442257045541464 True 38.495808559616435
103876620993 104045657795 9039278.350515462 5467923.416789396 0.985454559894215 2.220446049250313e-16 False 366.3261944886066
108953037865 103125619180 4992665684.830633 10514727.540500736 0.4534228835619327 0.4534228835619327 True 0.0
103738130200 102226650091 659830633.2842414 1900088.3652430042 1.589707466644568 0.5496011961218188 True 174.43573108875984
102301889033 102196721965 3367010.3092783503 1600044.182621502 2.1186457592654966 1.9131339123049793 True 33.71160916700479
102104903114 102343027360 5923431.516936671 1058911.6347569956 0.9809276287900099 0.8880148566263739 True 30.241654561133988
102423257273 104151339199 13144447.717231221 12404815.90574374 1.1022580353557756 1.1022580353557756 True 0.0
103863416300 102696577023 248017673.04860082 124213107.51104565 1.1447169188138857 0.48446830346154357 True 118.72137063706255
104621279527 102230231124 8942326.951399116 1281784.977908689 1.4350095939378003 1.0309944247165435 True 162.69510095336156
102351611351 102401217446 13616745.213549336 1645979.381443299 2.6556655504701183 2.0936349718764466 True 31.76989013795116
104972650731 103627099821 3745125184.094256 74765095.72901325 0.6357081634923023 0.6357081634923023 True 0.0
107137974985 103314276073 3290751.1045655375 1398930.7805596464 0.1749555866788235 0.09907626912006773 True 61.63488263281229
103519930777 102253748229 1466662.7393225331 1276983.799705449 1.0413787472058629 0.84791036052719 True 46.36563616395624
103065807249 102767484493 1935964.6539027982 1593740.795287187 0.6714330365425405 0.6714330365425405 True 0.0
102993701970 102162573721 70585567.01030928 11636774.668630337 0.7321716235644629 0.7321716235644629 True 0.0
102617605493 102375084152 201184094.2562592 2387231.2223858614 1.8508709410724973 1.411597290654902 True 83.62169327796998
102394068739 102896497949 2175905.743740795 1529852.7245949926 0.8523801232203256 0.7855075427696514 True 16.10080238790635
103182444863 102565349261 26353902.798232693 6088173.784977908 0.855738593238802 0.7551008783982274 True 42.78990013328373
105604630397 104168588226 364072164.9484536 41951399.116347566 0.643631175738689 2.220446049250313e-16 False 360.73107606329165
105571290831 102986025343 379337260.6774668 8344639.175257731 0.5521515148222709 0.22889638666090595 True 66.1474164262993
110962996983 102241931899 881820324.005891 6801369.661266568 0.07977950902425723 0.07977950902425723 True 0.0
104573120023 102284681048 5756097.201767304 1874918.9985272458 0.790305139607995 0.7551008783982274 True 32.25230380811872
110357047517 103253657536 37932695139.91163 1768291.6053019145 0.3345272904158254 0.3345272904158254 True 0.0
102463918375 102155575967 12300441.826215021 3340235.6406480116 0.4699980743025227 0.4220730788650984 True 34.118361634731635
102299151286 102276656581 89037555.22827688 7832297.496318114 3.5142039427057234 2.7370140461629733 True 94.51482443971369
106892156619 102580175059 34712223.85861561 16452135.493372606 0.34572114504720797 2.220446049250313e-16 False 87.83860063704331
107726192615 102317361228 1304111929.3078055 1912547.8645066272 0.5108958252437452 0.5108958252437452 True 0.0
102126823181 102757007298 16335198.821796762 4907437.407952871 2.1497650275289466 0.8164409946605706 True 17.534272213043558
105747491899 105197778238 335494845.3608247 79586597.93814433 0.12946491599604681 2.220446049250313e-16 False 575.612863166703
107705116793 104813005820 335422680.4123711 65848748.15905743 0.5334671539002971 2.220446049250313e-16 False 329.64972233820816
105730670126 108799116830 18643298.969072163 9988011.7820324 0.17771758332351917 0.17771758332351917 True 0.0
106910852433 104338012257 256418262.1502209 7692150.220913107 0.28066553626588675 0.24482978600362038 True 76.94148486824145
103139508261 103648820633 19388070.692194402 6741192.930780559 0.6589195125430907 0.6589195125430907 True 0.0
102403297521 103682722643 15237113.402061857 5234315.1693667155 0.7925901493586112 0.7855075427696514 True 54.57852951368729
103326051075 102597306440 165594992.63622972 112842857.14285713 0.650647136209751 0.5496011961218188 True 23.41668611583097
112717195314 103822163949 99851104565.53755 43639911.63475699 0.09874413545317706 0.09874413545317706 True 0.0
102248528695 102338907910 14367584.683357878 3160486.008836524 1.966786821532939 1.8268719670074143 True 21.677696316216043
110001391778 106905251056 31341826215.02209 238197349.04270986 0.39858183801625136 2.220446049250313e-16 False 1655.164901733028
104299369281 102354318930 242695139.91163474 6076921.944035346 0.5241323495567061 0.5241323495567061 True 0.0
104116158821 102670102337 760575846.8335787 1489720.1767304859 1.5591352170274622 1.5282423550944397 True 233.98252630510194
102142033058 102235442351 1405243.004418262 1170181.148748159 1.9795513391593493 1.743164357840807 True 25.537004556734956
108714230487 102266866177 699837997.0544919 16155375.552282767 0.4482636766780306 0.2938802509161855 True 25.880175624986332
106939289180 102586015643 2950751104.5655375 20037702.503681883 0.8300806699559315 0.8300806699559315 True 0.0
103087178357 103385529434 153708394.6980854 1369179.675994109 1.6895385020884266 0.2131669294293692 True 226.2879297882234
102222766480 105700735816 9636229.749631811 9049631.811487481 0.4230277191569414 0.3448634685112386 True 68.95089935303285
109655570634 102945903969 5371899.852724595 2069381.443298969 0.19948805849663365 2.220446049250313e-16 False 331.36698144071744
102711774357 103399839553 11036229.749631811 1152245.9499263621 0.7368257425364255 0.7368257425364255 True 0.0
104736503877 103087623107 86534167.8939617 4935846.833578792 0.3094249791146717 0.3094249791146717 True 0.0
108580810110 102284405322 3610574374.0795283 2302916.0530191455 0.4029298787587998 0.4029298787587998 True 0.0
104404235744 102713204409 152522827.68777612 6184815.9057437405 0.7929501201276581 0.5968872476915363 True 184.31856702992687
103625385188 106568871870 38390868.92488954 1044106.0382916052 0.8429578736689236 2.220446049250313e-16 False 292.1183809607878
102626495726 102482876175 8873858.615611192 2007864.5066273932 2.1556890762666936 1.5942278127692182 True 11.862937771318867
103967089596 103573525611 2159072.1649484537 1944329.8969072164 1.3320351670903197 1.3320351670903197 True 0.0
105895794241 102214125941 13674830.633284241 9837275.405007362 0.9716477059878941 0.9540002664885052 True 37.52998499036929
103039291223 102347543788 39630780.55964653 20034609.72017673 2.354365203157128 0.7326361820223113 True 175.67066787586467
106265462337 102954865404 50148600.88365243 1302689.2488954344 0.34288031713461575 0.34288031713461575 True 0.0
104669081386 102355771827 181432989.69072163 74782474.22680412 1.008096645675363 0.3799635178799188 True 117.54565443380913
111920369362 111820375575 33127835051.54639 4054079528.7187037 0.12436108181525851 0.12436108181525851 True 0.0
102421038264 102180616088 4243210.60382916 2431855.6701030927 2.58354864488108 2.0020281392528507 True 25.72933292778071
105725693173 102568902289 288185567.0103093 2248895.4344624444 0.5156682202265923 0.5156682202265923 True 0.0
105176569906 104810390032 2915301914.580265 2335331369.661266 1.451238733493971 0.071120724784137 True 230.05890185605526
102275857515 102141494921 138451988.2179676 4192474.2268041233 3.42008486562942 1.743164357840807 True 320.4188668915873
106450161361 103060911686 20124005891.016197 1301918.9985272458 0.8765845410718676 0.8765845410718676 True 0.0
104223652185 102876697986 17812076.583210602 10199970.544918997 0.28058025652583685 0.24482978600362038 True 28.2037596207284
109404205116 102667704419 1393587628.8659792 1172524.3004418262 0.24341147345503011 0.24341147345503011 True 0.0
105573796795 103075839694 2255979381.443299 238761413.84388804 0.6534746943965397 0.5037153502812697 True 47.562856845807545
