102476734894 102459244758 47493519.88217967 2377614.1384388804 3.900567485714846 3.2874747467483054 True 33.31106751715531
109229026088 102980973629 3918571428.5714283 2510854.1973490426 0.09249618991953756 0.09249618991953756 True 0.0
102304847660 104750073241 3457025.036818851 2454167.8939617085 0.7122965149629032 0.7122965149629032 True 0.0
104553297413 104226723591 146765979.38144326 6898453.608247423 0.7529835780498408 0.7529835780498408 True 0.0
104736503877 102823291555 15291163.475699557 1880279.823269514 1.1047978867829218 0.84791036052719 True 115.22798699723411
102679861399 102202873672 78441678.93961708 1028933.7260677466 2.1489219665647465 1.5282423550944397 True 34.01035566798607
111391285207 107484827912 34249042709.86745 28351104.565537553 0.20967254164297722 2.220446049250313e-16 False 2326.090159696555
105896003637 107906368734 6426936.671575846 1014614.1384388807 0.010657382094183099 0.010657382094183099 True 0.0
103086127954 103515131907 72980117.820324 3026200.29455081 0.4199765135884652 0.4199765135884652 True 0.0
104119882829 102604398146 395101620.02945507 3624108.9837997053 0.8848507009759758 0.8848507009759758 True 0.0
104705292002 107417373076 48860972.017673045 2461178.203240059 0.05979018273962122 0.05979018273962122 True 0.0
104171406941 103064712024 325132547.8645066 2873652.4300441826 0.8583560981955363 2.220446049250313e-16 False 158.22107736489275
102845558666 102270783626 86072312.22385861 1300795.2871870396 2.709529038193311 2.313656533293852 True 74.4477745481275
105035910820 103227645116 2793755522.8276877 96188954.34462444 1.2190760654893729 2.220446049250313e-16 False 1131.6366333769643
104011273269 102487295600 133167304.86008835 3147083.946980854 1.884737431199012 0.5297668260277173 True 221.7713610420676
102234668820 102450396616 100234315.1693667 3927658.3210603828 1.7735173469642467 1.5942278127692182 True 53.6590771367361
105297230180 105513419268 1144098674.521355 379696612.6656848 1.304349228734313 1.304349228734313 True 0.0
102105025583 102242107374 104052577.31958762 1503608.2474226803 2.1044427680453497 1.5282423550944397 True 37.22435619035084
106409265202 108036691744 517329896.90721637 26527098.674521353 0.1199199033285141 2.220446049250313e-16 False 1365.4220473710955
105020998657 102967042534 9952665.684830634 5208291.605301914 0.5464842227679594 0.5037153502812697 True 24.51787303191898
106600959376 104198183788 315041237.11340207 1793593.5198821796 0.3937340504559601 0.13748857177388185 True 86.50805876488737
103711181903 103529080362 10158910.162002945 2917702.503681885 0.4216197081983386 0.4216197081983386 True 0.0
102997674790 103054266299 27212665.684830632 1343914.5802650957 0.03842699079434464 2.220446049250313e-16 False 43.8794536379179
108860961715 102315687959 95134756.99558173 1091371.1340206184 0.2099154995015149 2.220446049250313e-16 False 1085.055644676244
103731738071 102519127645 140220765.83210602 14778939.617083943 0.6663944889001463 0.6663944889001463 True 0.0
104658922538 103459983500 169502209.13107508 1379784.977908689 0.41142662769247274 0.41142662769247274 True 0.0
104447315891 102153871922 232402061.85567003 1602518.4094256258 0.7260216753801996 0.3448634685112386 True 57.61172602753579
109001976804 104507919635 722924889.5434462 1027141.3843888071 0.34838672270561877 2.220446049250313e-16 False 2625.2082233765595
103608458582 102781006547 92900294.55081001 8112400.589101619 0.12957846390883843 0.12957846390883843 True 0.0
102596320328 101570721707 17023269.513991162 4751296.023564065 1.8223234495566127 1.8223234495566127 True 0.0
105636949010 102686916191 3068070692.194403 1705714.2857142857 0.9703268772289322 2.220446049250313e-16 False 230.05991990335912
103136436644 102259803379 34787776.141384386 13071487.481590573 1.6317451628523907 1.5282423550944397 True 69.3076698215915
102702806165 103102527864 5627039.764359351 4137069.219440353 1.1084724749460757 1.1084724749460757 True 0.0
107437734655 105033770932 28215169366.715755 243387334.31516936 0.8104790527573593 2.220446049250313e-16 False 293.8700265090822
107656889586 103418982368 7673755522.827687 336477172.31222385 0.6797519342343523 2.220446049250313e-16 False 2082.340041779576
102997997711 102749961602 2494108.9837997053 2002061.8556701029 1.948130590392632 1.9131339123049793 True 63.27007724083542
111592639592 107268819592 2519175257.7319584 18176877.761413842 0.15851631133040534 0.15851631133040534 True 0.0
102903196377 102501065973 1160312.2238586156 1048784.977908689 0.4478757490947156 0.4478757490947156 True 0.0
102383435887 102884363039 1936053.0191458021 1272587.6288659794 2.163325667540799 1.9131339123049793 True 31.61715141184005
110683260125 102256491175 64796023564.0648 1802547.8645066272 0.27701851932256716 0.27701851932256716 True 0.0
104672265049 104741425034 15172164.948453607 14560147.275405006 0.14322689509864328 2.220446049250313e-16 False 271.8941814430968
104119787142 102752155766 5179101.620029455 1933048.6008836522 0.8489038773363211 0.8489038773363211 True 0.0
102271452542 102292780121 8157628.865979381 1640206.1855670102 1.8858946129005258 1.673390626043504 True 28.281143242364536
104862178291 103154782190 26017820.32400589 3309101.620029455 0.6463886465038937 0.4038710254479614 True 78.07973161744539
103837600153 102398575119 107749631.81148748 9295508.100147275 1.8600682984309667 1.2514710385618875 True 79.24020750150463
105326231455 102278396624 10678910.162002945 1101070.6921944034 0.2840217616008156 2.220446049250313e-16 False 44.733080515930894
102309518759 102597150993 3760824.742268041 2139587.6288659787 1.71970453129972 1.4745383890944836 True 45.709305841976196
102624374931 102227840103 11593637.702503681 2078438.8807069217 2.3485244726911088 2.0020281392528507 True 61.74406183440877
102765356373 102708581521 497973490.42709863 2611104.5655375547 1.3329763879459775 0.7855075427696514 True 160.7990629559722
105720266974 102985443307 1040645066.2739322 63653313.69661266 0.9368846759495093 0.4038710254479614 True 60.866290012686235
103165163536 102151324370 48415463.91752577 3383932.2533136965 0.5917534437585756 0.4405111331274656 True 38.771360306648056
107678128746 105903214997 778069219.4403534 83054344.62444772 0.5223944219468379 2.220446049250313e-16 False 1244.7083185183865
102248965988 102815272225 19467746.686303385 1809764.3593519882 1.0217499863531878 0.8164409946605706 True 27.81141421678008
102114606225 102588270621 12306642.120765831 2058703.9764359351 3.0103145289685074 2.0936349718764466 True 126.16828346052812
102470049326 102204480377 33610162.002945505 1446754.0500736376 1.0260961179998378 1.0260961179998378 True 0.0
103442647664 103838880717 84072164.9484536 1261637.7025036819 1.4005396413113664 1.4005396413113664 True 0.0
102149485553 102544405129 5529911.634756995 2690058.910162003 2.0453451898772728 1.8268719670074143 True 36.131590189150764
102625459007 103509862789 220899852.72459498 46564653.90279823 0.8350610433056056 0.7551008783982274 True 30.151979344539505
103941138820 103007300380 1562179675.994109 4305537.555228276 1.4685689458963744 1.4685689458963744 True 0.0
106075622905 106091386071 16546833.578792341 9856524.300441828 0.2143069646575957 2.220446049250313e-16 False 282.31755618311075
102267417624 102300587000 8911119.293078056 1890382.916053019 1.7570007140631847 1.360371054909761 True 41.52038316385557
104137037634 103040042352 6104432.989690721 3315773.195876288 0.83063345409412 0.7326361820223113 True 25.130974259560404
102066539631 103060088133 9909160.530191459 1630692.1944035345 0.45001508015683345 0.4405111331274656 True 50.18290105905647
107885306351 102374623700 384390279.8232695 2381458.0265095728 0.6722184318604434 0.6722184318604434 True 0.0
