105382177051 103680096530 6635979.381443298 1034350.5154639174 0.05076232806901393 0.048368384261977315 True 44.159264074551686
103270269886 103318314021 27167010.30927835 1622488.9543446244 0.5864227594554761 0.5864227594554761 True 0.0
106975533508 105443514954 591207658.3210603 346354933.7260677 0.17172716098710983 2.220446049250313e-16 False 276.1127549816237
106951824735 105727042601 166335787.9234168 38587776.141384386 0.2859172769415743 2.220446049250313e-16 False 312.1057133290286
103507443600 107119215996 78836671.57584682 7592061.855670103 0.24683615326109987 0.24683615326109987 True 0.0
108606263459 105532146556 555014727.5405006 138780117.820324 0.2708644165588552 0.2708644165588552 True 0.0
106705153051 105256871207 7907157584.683357 3101958.762886598 0.993596567824149 0.3106562061254896 True 119.05561196966967
105301909663 103711334177 143434020.61855668 5040471.281296023 0.33820260655103707 0.27731902224757854 True 52.71930456558202
106785695046 108338234450 87965684.83063328 5387776.141384388 0.03860170974613464 2.220446049250313e-16 False 0.0
103882823194 104400534774 199970544.9189985 113556553.75552282 0.8101152862425807 0.8101152862425807 True 0.0
102948861124 103064635888 2071163.475699558 1493932.2533136965 0.33997783676658 0.33997783676658 True 0.0
102272295066 102219636104 62336966.126656845 5925714.285714285 3.238275869376338 2.5799397386909364 True 25.181849195731626
104777167470 103541157415 527106038.2916053 452288659.7938144 1.2329652662252841 1.2329652662252841 True 0.0
102610817976 102513064586 2604403.53460972 2374315.1693667155 1.7557091404116476 1.5282423550944397 True 36.261519507802134
102531970346 102327993829 22348895.434462443 4389867.452135492 2.104346395388183 1.8268719670074143 True 36.53867911197707
103199949743 102158554529 47698674.52135493 1988777.6141384388 2.1620453374060475 1.3003338586489348 True 88.4835128068878
102180648016 102543523935 2604742.268041237 1665640.648011782 2.1186457592654966 1.743164357840807 True 13.697236743947247
102317202846 102114827907 137169366.71575847 3454565.537555228 4.161450161037245 4.161450161037245 True 0.0
102971789811 102842699887 5461693.667157585 1550235.6406480116 1.4685689458963744 1.4685689458963744 True 0.0
102195032426 102194567632 11871840.942562591 6962091.310751104 3.4408917310595966 2.5799397386909364 True 47.720318769652074
104498955720 104585456566 1636273.9322533135 1538321.060382916 1.335166438987939 2.220446049250313e-16 False 331.854958383614
103612463054 102463918375 40964359.35198821 24887628.86597938 0.4601183279893002 0.3799635178799188 True 46.79579936129269
103262281444 103316403971 1408134020.6185565 91836377.02503681 2.107829243430049 2.107829243430049 True 0.0
103398857180 102844750133 66319440.353460975 9549381.443298968 0.938202356078784 0.5968872476915363 True 103.68222943368936
102332569472 102214043041 56690427.09867452 34405743.740795285 3.1761848880573638 3.089664292734822 True 27.401171964083073
103455053119 102249707533 8243078.055964653 5482930.780559646 1.3206432823178584 1.2514710385618875 True 38.801683340069054
102192543021 103035183112 4315022.091310752 1199041.237113402 0.8663506312931011 0.7551008783982274 True 39.62331276484615
106958861755 103112092764 1786244477.172312 1412195.8762886596 0.8038103690235252 2.220446049250313e-16 False 283.34513410718904
108558150938 105132236294 56190721.64948453 5981325.478645066 0.17503428162516643 0.1522368124380873 True 11.40349868463549
103565805279 102222147095 188200294.55081 1279671.5758468334 1.7995050475076004 0.84791036052719 True 68.99544664082218
103948918907 100598793761 451241531.66421205 18111192.93078056 0.35855721224060044 0.27731902224757854 True 32.4466528474433
102923664566 104311885459 13618424.15316642 1129930.7805596464 0.4994841774429595 0.4994841774429595 True 0.0
106494277595 102802850247 4329455.081001473 1032522.827687776 0.04156793470618925 2.220446049250313e-16 False 85.61423019841834
107590619991 105078413252 495088365.2430044 9593534.609720176 0.42493783708685706 0.42493783708685706 True 0.0
103648152304 102456693839 11512592.04712813 2463534.6097201766 1.4679048968168962 1.4679048968168962 True 0.0
105798654841 102140976208 2335522827.687776 1553534.6097201766 0.9858527847613603 0.3106562061254896 True 111.90487414554987
102220926537 102479394927 21373490.427098673 2296494.8453608244 1.058985825941574 0.84791036052719 True 54.117883721918005
102514907125 102406052727 24982474.226804122 3900235.6406480116 1.5002375225646438 1.0750723246641747 True 54.11197806872727
103231640534 102208186819 37981737.849779084 9504285.714285713 1.023648354672705 0.9207242209599458 True 39.13383995535076
106690100126 102571290958 2139646539.0279822 1478321.0603829157 0.5121638459770392 2.220446049250313e-16 False 442.31347330860007
107957947475 108160314080 48080854.19734904 7314874.815905743 0.001813282040493247 0.001813282040493247 True 0.0
102162221327 102304859219 7492194.403534611 2040191.4580265095 2.4739350652057612 2.2017563517833034 True 32.040321476128916
102166199625 102111183272 4139248.895434462 1085362.2974963181 3.6719584382577333 3.4948529728125486 True 21.55194346094995
106002769294 103812770790 6093564064.801178 61504860.08836524 0.7249230684311478 2.220446049250313e-16 False 985.7950647287828
103533014091 102680209589 8941458.026509572 1771737.8497790867 0.41408113714748707 0.2609697716927266 True 48.56735016435052
102632094473 102584035115 2453151.6936671576 1245985.272459499 0.8953752843062928 2.220446049250313e-16 False 525.4637593728878
105567564708 102185980951 78809278.35051546 3950338.7334315167 0.008895431015261579 2.220446049250313e-16 False 49.398131548872556
102339866083 101296913317 8010721.649484534 1880839.469808542 0.9881190008509149 0.09907626912006773 True 171.8893341693215
106130476807 105473486548 3318497790.8689246 354384388.8070692 0.7819784950835216 0.7819784950835216 True 0.0
100994070438 102213339081 1448957.2901325477 1396293.0780559646 3.393480075567857 3.0027931936545826 True 26.926658852276738
104491032672 102198591625 262994108.9837997 4564182.6215022085 0.5402719504155653 0.4405111331274656 True 27.731417920088123
103299589871 102310048816 23805154.639175255 2009455.0810014727 2.1794884838927113 1.9131339123049793 True 49.00815557377582
102178620704 102297045172 34635640.64801178 2461605.30191458 3.253093061929288 3.089664292734822 True 53.1369622705226
103305027419 103601545768 6347083.946980854 1949793.814432989 0.0007715948996676047 2.220446049250313e-16 False 12.680575915062356
110277328610 102409533286 2605949926.3622975 7823564.064801178 0.22889677021350852 0.021702619865036743 True 102.15651422314278
102642477681 102354758993 5841340.206185566 2678321.0603829157 1.6412961368402703 1.5282423550944397 True 17.969526119089682
102483816956 102173205361 4327260.677466863 1777466.8630338733 2.7672303699043503 2.0936349718764466 True 21.657605462829626
103233975710 102205266729 324733431.51693666 1417044.182621502 2.4143093705720675 1.203646143981993 True 154.22537726180695
109719487596 109101899993 9775139911.634756 3064197349.04271 0.09253319115834735 2.220446049250313e-16 False 3722.839368418088
102980927471 102121091683 386655375.55228275 3851575.8468335783 2.4280856198664416 1.360371054909761 True 63.769813762046155
107542151939 102587584639 4171914580.265095 4001546.391752577 0.30810778284887563 2.220446049250313e-16 False 66.77744612134413
102230465189 103616854029 253506627.3932253 31446391.752577312 0.930803851567523 0.930803851567523 True 0.0
105074992292 102377699043 4672621.502209131 1115720.1767304859 0.26962845592865703 0.22889638666090595 True 19.10259336957178
106345351984 104007266337 4464285714.285714 6553593.519882179 0.872308556450103 2.220446049250313e-16 False 550.2408574213522
102370715689 102223410168 4799985.272459499 1186136.9661266569 1.5834586310769407 1.5834586310769407 True 0.0
