104151226127 102186736642 126198674.5213549 2125081.001472754 0.8422143416386496 0.8422143416386496 True 0.0
109720468705 102742575927 32286008836.5243 6973048.6008836515 0.40396592293911837 2.220446049250313e-16 False 1156.0430233550612
102749368228 102139029725 3993917.5257731955 1508777.6141384388 2.8324895468847604 2.4442257045541464 True 27.305708685630755
105397801303 103559016490 14037687776.141384 1792459.4992636228 1.249207716581834 1.249207716581834 True 0.0
100939781716 102498824349 10298394.69808542 2706377.025036819 2.496845845047767 2.313656533293852 True 38.62792167815449
104450245630 102312848720 23037555228.276875 1712901.325478645 1.7628812430755287 1.1110224107812057 True 424.4580138710152
105655500516 103783827970 687465390.2798232 5329675.994108983 0.4664519780970733 0.36230045257092924 True 52.33580411484928
103785854068 102783252711 58669955.81737849 3641413.8438880704 0.9378117454645516 0.9378117454645516 True 0.0
105201960588 104835592286 6502061855.670103 83408836.52430044 1.3726762601876787 0.4405111331274656 True 556.2477826555703
113059901401 109447927373 25643888070.692192 375759941.08983797 0.0526326869817757 2.220446049250313e-16 False 105.00928376901503
104201311856 102972965595 9047083.946980853 3738041.2371134018 0.8284243187748093 0.8284243187748093 True 0.0
103221463967 102177485907 41192341.67893961 1692636.2297496316 1.0725689284611382 1.0725689284611382 True 0.0
102514727529 102237289634 2169175.2577319583 2106701.030927835 1.9111827262061758 1.9111827262061758 True 0.0
103727674774 104379110539 25660235.64064801 20615905.743740793 0.1416176722415663 0.1277614347218703 True 17.05020054778089
103988345874 102492573215 7235036.818851251 1056086.8924889544 0.34685032317673503 0.3448634685112386 True 41.182454412393646
108078666463 102591889892 13304506627.393225 4757805.59646539 0.6498737021680991 2.220446049250313e-16 False 1465.0297751273602
104260335847 103570780449 3006038291.605302 2488733.4315169365 1.2978680380343115 1.2978680380343115 True 0.0
103439577973 102355001860 71092341.67893963 2161119.2930780556 1.2529829494250388 1.1568371276889633 True 34.00184584950369
103795045210 102376701033 75156406.48011781 19949779.08689249 0.17188507088732785 0.1671762731356945 True 65.17923105246061
110149922473 107322711556 6496539027.9823265 167736377.0250368 0.2961830003007144 2.220446049250313e-16 False 2003.2338235876566
104311122330 100301151394 2838748.1590574374 2751163.475699558 0.12519226722866272 0.1133264705968362 True 20.63488774172543
102191092620 102155673155 25108541.973490424 10945198.821796758 4.043347572384646 4.004238796073091 True 47.33171077516474
102620246616 102305932697 50825184.09425625 8788703.976435935 2.3417880571178418 1.9131339123049793 True 14.912323252777338
106152465177 103882094843 5061192.930780559 3132592.0471281293 0.031068145355862997 0.031068145355862997 True 0.0
102473316008 102160050656 30286892.488954343 1898409.4256259203 2.262908883269435 0.996407191488285 True 24.12409589415562
102316060150 102178502579 7983210.60382916 1836951.3991163475 1.7690552537285327 1.743164357840807 True 63.71659502130809
108254262655 104372549737 4899941089.8379965 3695581.737849779 0.6589195125430907 0.6589195125430907 True 0.0
104796385526 102257109103 34257437.40795287 1092784.977908689 1.1447169188138857 0.5764476321643068 True 54.859990570696546
102374714726 102201174338 7651782.0324005885 1162558.1737849778 2.3983205499841977 2.3983205499841977 True 0.0
102161441510 102182635653 3033519.8821796756 2360648.0117820324 2.4739350652057612 2.2017563517833034 True 24.184666158742555
102730825533 102144030684 37525331.369661264 2482901.325478645 3.033933448165972 2.0020281392528507 True 68.27448616197997
103959090587 105769266067 41705891.01620029 18193225.33136966 0.18731707896252248 0.18230943315233605 True 72.45948861771866
102794102593 103242394841 47176288.65979381 12604256.259204712 0.10491743504466622 0.06196112674705323 True 30.506328604002952
102349531100 102224431781 31909278.350515462 1313268.0412371133 2.448382880848026 2.313656533293852 True 27.05639611913001
102103974146 102101971496 9780986.745213548 4939528.718703976 4.274511975779441 3.712261748602635 True 28.09594790176158
103736191641 103640134623 96934020.61855671 2149160.530191458 1.3855075644444867 2.220446049250313e-16 False 1251.3383802226188
113757332132 103535465216 66265537555.22827 79666568.48306333 0.0038316253138228618 2.220446049250313e-16 False 524.1006806619654
103719032960 103809926413 16287923.416789396 8366642.120765831 1.6064405145113576 1.6064405145113576 True 0.0
103121423994 103501778459 14712827.68777614 9881340.206185566 1.6531955086706427 0.84791036052719 True 55.889812417813765
102653593402 102388244260 51429013.25478645 32498674.521354932 1.942206242773206 1.203646143981993 True 22.276873340710864
104818691954 103529335420 709415316.6421207 47798232.69513991 0.7460569668546007 0.7460569668546007 True 0.0
104455723000 104541843003 21230633.28424153 2644565.537555228 0.8188796065399635 0.8188796065399635 True 0.0
108452861385 102676003752 4605169366.715758 85386450.66273932 0.3633525384260914 2.220446049250313e-16 False 688.0508172047071
102709257938 103211089142 13898070.692194402 1521620.0294550809 0.7678651613884107 0.7678651613884107 True 0.0
105917099619 102867187636 17125331.369661264 2646612.6656848304 0.11676816227981512 0.11676816227981512 True 0.0
108976473327 105721801402 950407952.8718703 192656848.30633283 0.13668785073924483 0.13668785073924483 True 0.0
102967634692 103117603024 16201620.02945508 13124167.893961707 1.2608577694377248 0.7855075427696514 True 100.9942061378941
102404443531 102115600067 246042709.8674521 5294197.34904271 2.571785750003572 2.571785750003572 True 0.0
102394254988 104907704857 2680456.5537555227 1086618.5567010308 0.7475796022508827 0.7475796022508827 True 0.0
102487457761 102159832587 27865243.00441826 3412827.6877761413 2.8665872727413326 2.8665872727413326 True 0.0
104819803221 102956222579 5684005.8910162 1145483.063328424 0.00403420945358457 0.00403420945358457 True 0.0
103755607524 103690200306 3285581.737849779 1228724.5949926362 0.703130694843261 0.7031299012575629 True 0.0
108161990774 102397904176 279936671.5758468 7155301.914580264 0.5703246332114238 0.5703246332114238 True 0.0
101484633562 102755780773 1219486.008836524 1030369.6612665685 1.1303746689930358 0.9540002664885052 True 12.530372441418216
103249837460 102413727618 4021458.0265095728 1098568.4830633283 1.3820072698861874 1.3820072698861874 True 0.0
102264502528 102378310144 4533490.427098674 2698969.072164948 3.270255959142191 3.270255959142191 True 0.0
103239337808 102386042926 2313564.064801178 1578674.5213549335 0.9974791812732331 0.8880148566263739 True 47.02839728068549
102560991941 102376671993 13432533.136966126 2767260.677466863 1.7106000726440818 1.1568371276889633 True 85.66070067634162
102309243982 102196266147 31626804.123711336 2806686.303387334 2.2914983888115388 2.0020281392528507 True 24.33307309970514
109482117461 108029415564 1829131075.1104565 119053902.79823269 0.1879151020834844 2.220446049250313e-16 False 2142.648454594579
104839817054 107197981354 1240491899.8527246 23261413.84388807 0.9191795123748696 0.7031299012575629 True 35.121204623896894
105143317589 102685349508 6854241531.664211 26226215.02209131 1.4253889717563455 2.220446049250313e-16 False 358.19692811775013
103826706601 102276342403 1532150220.9131074 12512547.864506627 1.9882502002127636 1.9882502002127636 True 0.0
102215813382 101573852623 3291413.8438880704 1466539.027982327 2.897708537151009 2.897708537151009 True 0.0
