102328832159 101246228526 7220235.640648011 2223460.972017673 3.1094764526999263 2.7370140461629733 True 34.84492750519595
102276968950 102399165391 177807069.21944034 1289197.3490427097 2.552902721523485 2.0936349718764466 True 78.51663478254943
103002902498 102837774594 1117256.259204713 1015933.7260677466 0.9017444702025168 0.8880148566263739 True 27.239102193673368
102981925830 102443348926 6736126.656848306 2309381.443298969 1.8045770697778778 0.4405111331274656 True 226.14298011012352
104787469004 103431788632 762714285.7142856 132045949.92636229 1.316128359833702 0.3106562061254896 True 255.89689821520818
105108349568 102126665216 3861708394.6980853 33841384.388807066 1.2569134902490053 2.220446049250313e-16 False 236.41528936777758
101099822628 101113095228 1751958.7628865978 1118812.9602356406 0.14776169253530225 0.1133264705968362 True 20.490748729462606
103153201048 103031835259 20884388.80706922 1832695.1399116346 1.7468452482324053 0.8164409946605706 True 174.27570964894974
104715362075 102123717698 106126067.7466863 1844020.6185567006 1.361777001015564 0.7551008783982274 True 160.8570828449918
103412875533 102333844597 93318998.52724594 5349042.709867451 0.7203561137155392 2.220446049250313e-16 False 2451.3496435732354
102903594166 102358702289 431360824.742268 13344639.175257731 2.4322272409011654 2.4322272409011654 True 0.0
103997557687 102538718011 72453460.97201766 1903873.3431516935 0.041986860545688565 2.220446049250313e-16 False 0.0
102136274402 102420097545 14437982.326951398 1909690.7216494845 1.722258821479711 1.5282423550944397 True 82.45635974423094
103508798383 103024273461 27420471.281296022 3317260.677466863 0.798011399392272 0.798011399392272 True 0.0
105808103685 105871777140 407531664.21207654 30780559.646539025 0.5625463880958965 0.5625463880958965 True 0.0
103832704575 103944656292 5111649.4845360825 2380721.6494845357 0.9958725355963867 0.9958725355963867 True 0.0
102426005203 102336362997 60351693.66715758 38405154.63917526 2.0928058243719287 2.0928058243719287 True 0.0
105405826482 103271388676 906424153.1664212 2795213.5493372604 0.9794023392576847 0.9794023392576847 True 0.0
105338104932 101889821107 74495139.91163476 1470225.3313696613 0.8113284101427145 2.220446049250313e-16 False 125.7596624616297
107464827686 102673777904 14732695139.911634 1275000.0 0.7601729193876006 0.7601729193876006 True 0.0
102506134903 102946584014 3864197.349042709 1161511.0456553756 0.5203529651443879 0.48446830346154357 True 15.910268224422465
105197778238 102357379511 10574918.998527246 6501237.113402061 0.5429622406280472 2.220446049250313e-16 False 633.3255208361998
106596169993 102370801015 151926362.29749632 2101030.9278350514 0.6487094726602751 0.6487094726602751 True 0.0
104011273269 102383011184 512060382.916053 4051840.9425625918 1.2526023188288269 0.8164409946605706 True 43.1064748716239
111086350601 105215196313 2906936671.5758467 1359580.2650957287 0.06975555015923307 0.06975555015923307 True 0.0
104877206924 103166528367 193683357.87923416 9143225.33136966 1.3673513835985163 1.3673513835985163 True 0.0
103014952783 102755617453 3561678.939617084 2846362.297496318 0.1488403031559793 0.1488403031559793 True 0.0
103604434306 102771473656 11655699.558173785 3994212.0765832104 1.0006962422923178 0.4220730788650984 True 133.32419311390188
105386862487 103307343534 1525007363.7702503 2142223.8586156107 1.1795324466995338 2.220446049250313e-16 False 463.8966695333268
102109717530 102100507797 4753681.885125184 2617540.5007363767 6.345379756133392 6.147017439417276 True 24.360930861841474
103466864309 103137716072 55239027.98232695 1900780.559646539 1.4333742140201289 1.0309944247165435 True 40.45008475255098
104670779618 104421645484 67759646.53902797 2699042.709867452 1.0171416699109028 0.5297668260277173 True 98.67377468239275
106559135996 102271571731 814014727.5405006 1521237.1134020619 0.2479237668329317 2.220446049250313e-16 False 509.7347335266586
103543452912 102170439763 24665537.555228274 2187378.4977908684 1.5207902173173244 1.5207902173173244 True 0.0
101680604884 103950308989 3594270.986745213 3373755.5228276877 0.683700099338306 0.5297668260277173 True 31.40937024400352
102336352569 101847767773 6658541.973490426 4579749.6318114875 1.7989408807707163 1.5942278127692182 True 36.31967359257208
102353023102 104766649719 2582503.681885125 2440589.101620029 0.028511363507799814 2.220446049250313e-16 False 0.0
107371193165 104476467661 438216494.8453608 17468041.2371134 0.05097435832760566 2.220446049250313e-16 False 15.502485722916514
102322956469 102419337329 14122709.867452135 8887614.13843888 1.29324661803455 1.0750723246641747 True 22.134037260645172
102499908424 102207499106 23926215.02209131 1173151.6936671576 0.6629306158829829 0.6629306158829829 True 0.0
105125583161 102819060887 20726509.572901323 8928512.518409425 0.5926077518589712 0.5926077518589712 True 0.0
102432407256 102203812706 1435435.9351988216 1161618.5567010308 2.515197958373026 2.0936349718764466 True 25.051592184835755
102633948920 102347828084 7043460.972017673 1137782.032400589 1.5521011448725734 1.3003338586489348 True 48.07854663897055
106305572935 103091847322 13581413843.88807 18444477.172312222 0.8704874490292172 2.220446049250313e-16 False 377.6291079573929
113134852627 103137314939 13323431516.93667 6107599.41089838 0.005888471109877225 2.220446049250313e-16 False 1205.384777771449
113366570317 102414800726 73456553755.52283 3816377.0250368193 0.017444078729822676 0.017444078729822676 True 0.0
103084007107 103045614666 59790279.82326951 48806921.944035344 0.8502688440630424 0.7551008783982274 True 8.911027165657709
103814884834 103415657019 11992798.23269514 1167005.8910162002 1.3304699625726526 1.0309944247165435 True 30.905896892956715
105207403690 102428440642 162468335.78792343 14029646.539027981 0.7644868783933287 0.7644868783933287 True 0.0
108609950973 104035432193 59332253.31369661 1186751.1045655375 0.06395768853064254 0.06395768853064254 True 0.0
105117102052 101399565591 403997054.49189985 10059764.359351987 0.9604345107049528 0.5037153502812697 True 73.43478895736429
103093203864 104477516903 145284094.2562592 110034167.8939617 0.40114305250223126 0.2609697716927266 True 36.32242162656468
103225909932 102636989929 2508026.5095729013 1381215.0220913107 0.6059123268224293 0.6059123268224293 True 0.0
107963843679 103125829671 8146612.665684831 5322179.675994108 0.1624865587491644 2.220446049250313e-16 False 262.1455353237982
107392577843 103106187210 35992930.780559644 6110839.469808541 0.3437807809785143 2.220446049250313e-16 False 606.8541693266966
103990719152 102812949725 4614432.989690721 1034020.6185567008 1.3562565680651835 1.3562565680651835 True 0.0
102224344499 102305349040 92659057.43740794 13663019.14580265 3.234865648887289 3.234865648887289 True 0.0
108288074608 105666981659 71546097201.7673 258764359.35198826 0.6822895287570574 2.220446049250313e-16 False 1105.356248657989
102844628319 102317711446 12374477.172312222 5143328.424153166 1.855845487335753 1.855845487335753 True 0.0
105035910820 102495430316 2410220913.107511 2522326.9513991163 1.412085513255616 2.220446049250313e-16 False 1012.6441790762403
102531816462 102564946227 37557731.958762884 3043210.6038291603 1.5534761747905512 1.3003338586489348 True 71.46495053198645
104006932923 103426449162 1454519.8821796756 1404858.6156111928 0.6282640588389501 0.5037153502812697 True 28.669342269961067
102311248664 102228758309 14675684.830633283 1551649.4845360823 2.4028767920399905 1.9131339123049793 True 26.84922220639795
102552089454 102519281420 4512385.861561119 2799646.539027982 0.39729204801095475 0.3448634685112386 True 8.828725471785761
