108029401497 102487778479 328749631.81148744 1102250.3681885125 0.26843672783914196 0.26843672783914196 True 0.0
106762401827 103182856666 145297790.8689249 2178924.8895434462 0.3749730161545579 0.3749730161545579 True 0.0
102887360726 102153277500 3664624.4477172308 2177938.1443298967 1.447788667717584 1.0309944247165435 True 52.880776308548
103279785537 102391552640 1930250.3681885123 1388463.9175257732 0.35960636676469426 0.24482978600362038 True 14.534201798712692
105231763097 102662921040 20829749.631811485 9180235.640648011 0.5887642591592259 0.5297668260277173 True 76.38522053349102
105343796318 102174862227 107656259.20471281 1085055.9646539027 0.6306696344854013 0.6306696344854013 True 0.0
102733018739 102200507749 7503843.888070691 2870648.011782032 0.905832801288343 0.905832801288343 True 0.0
104844062035 102363292472 807042709.867452 30863770.250368185 1.4284812278401091 2.220446049250313e-16 False 479.4621490064413
108212944622 101589498465 18048306.332842413 1069888.0706921942 0.29857650044021744 0.24482978600362038 True 41.63136865704878
104292713861 103006566658 33345360.824742265 1006952.8718703976 0.9233025412596476 0.5968872476915363 True 32.59372716170224
102859067439 102125154884 179833578.79234168 2882503.681885125 1.0991601260335742 0.7326361820223113 True 47.7280060589614
102201947157 100896885654 8893888.070692195 2951782.032400589 3.918355301987016 3.918355301987016 True 0.0
103291480333 103294929656 44446391.75257732 20005449.18998527 1.7705435806505236 1.3003338586489348 True 81.69264634161092
104795266859 107982409457 940864506.6273931 7572695.139911634 0.3878094815143778 2.220446049250313e-16 False 609.1140021740878
108445123029 102920323829 517807069.21944034 1332528.7187039764 0.15548828046011542 2.220446049250313e-16 False 939.7129678943952
102539317585 100687680828 41534315.16936671 2013578.7923416789 3.012470759119343 2.313656533293852 True 24.420992971300528
102349197865 101598678105 19307069.219440352 2101163.475699558 0.7180506996761475 0.7180506996761475 True 0.0
103212683327 102588937596 30575699.558173783 2824359.351988218 1.4618717610999643 1.0750723246641747 True 50.63617947447782
102577285287 102166095289 11007746.686303386 1077263.6229749632 2.4804641546996704 1.360371054909761 True 134.9470250754783
102404807566 103802752319 15077908.689248892 1372746.6863033872 0.7057598392491926 0.3276496719374833 True 85.24823534573156
102111242103 102298160801 1853019.145802651 1506362.297496318 2.4340777269152714 2.0020281392528507 True 81.47535015516304
103967922336 102482842673 222081001.47275403 2188276.877761414 0.6515903989746925 0.6515903989746925 True 0.0
104151396745 104120756686 87517673.04860088 5113917.525773196 0.6542515090909391 0.6542515090909391 True 0.0
103860552689 100374840271 9981664.212076582 3993328.4241531664 0.7335679428616004 0.6741261037109307 True 23.35239871996815
104365467313 103754551183 601007363.7702503 10937952.871870397 0.6184608113991432 0.6184608113991432 True 0.0
102811239244 102181016992 20608541.973490424 2178674.5213549337 2.5626872637493006 2.2017563517833034 True 50.40139017985974
102380388403 102402149222 16184241.531664211 1915684.830633284 1.750350669710388 0.7326361820223113 True 30.08638498350272
110687594830 106181115929 4238777614.1384387 313857142.8571428 0.29305551604552593 0.29305551604552593 True 0.0
102776567933 102625470469 5854860.088365243 5137849.7790868925 1.032697979701478 0.8880148566263739 True 13.744204192960837
111039783259 102597920887 2312754050.0736375 2302665.684830633 0.07869396050038469 0.07869396050038469 True 0.0
105636949010 103418751248 3054108983.799705 11517997.0544919 1.1161289230385072 1.1161289230385072 True 0.0
105553354967 103409637750 1396008836.5243003 8827378.497790867 1.0435688887072385 1.0435688887072385 True 0.0
104132335980 103082424503 4560456.553755523 1250334.3151693665 0.3310386227477162 0.3310386227477162 True 0.0
102183790193 102162826779 4138600.8836524296 1384421.207658321 3.333750817995467 3.2874747467483054 True 81.81842831962143
105493442629 104086251542 202030927.83505154 2771737.8497790867 0.7172423149113303 0.7172423149113303 True 0.0
103370038286 102539909865 1836465.3902798228 1753151.6936671576 0.5487691931222258 0.5487691931222258 True 0.0
108515943407 103746252400 620664212.0765831 91671575.84683357 0.48795795625998784 2.220446049250313e-16 False 451.3962869134799
107086879769 103112757928 630779086.892489 1519779.0868924889 0.5469004755172062 0.5469004755172062 True 0.0
107144784550 102438708800 872160530.191458 1500058.9101620028 0.3490197348097004 0.3490197348097004 True 0.0
103196125852 100968177691 13795611.19293078 5091958.762886598 1.0087702910909027 0.9207242209599458 True 40.621126780030785
103277380178 102753327998 55182621.50220913 2584639.1752577317 1.4002976369069762 1.4002976369069762 True 0.0
109426362392 104908722840 2146347569.9558172 5542709.867452135 0.16553240937694125 0.16553240937694125 True 0.0
103263223665 102623292587 155297496.31811488 51225478.64506627 2.242394962615186 1.8268719670074143 True 74.02095689066086
103931818021 102262224850 4185125.184094256 3589734.9042709866 0.6555825415509828 0.4591882481315306 True 25.471152932363953
103835198411 102577104461 366911634.75699556 5608247.422680412 1.1218133016475877 1.1218133016475877 True 0.0
102717011749 101699717752 104893078.05596465 3268453.6082474226 3.1624695099108395 2.2017563517833034 True 146.36311195954025
102367716028 102710490843 27679823.26951399 2612547.8645066274 2.316320608611158 2.313656533293852 True 117.40686817986823
102918696938 103078734655 2791531.6642120765 1493829.1605301914 1.1798222572931403 1.0309944247165435 True 39.4356734026022
113695600313 109439113306 66263181148.74815 1371815.9057437407 0.01681300300468247 0.01681300300468247 True 0.0
102975313761 103136713546 359188512.51840943 2714491.8998527243 1.9205692773635437 1.411597290654902 True 48.791131529103765
102623174678 102392692105 2283092.7835051543 1823181.1487481585 2.142164071239144 2.142164071239144 True 0.0
105764948670 102618755706 36740058.910162 2719425.6259204713 0.9756208388486081 2.220446049250313e-16 False 211.90292258225128
106685215808 103815118041 175228276.8777614 23925478.645066272 0.2488448185428478 0.2488448185428478 True 0.0
105306954717 103936373066 13573519.882179676 1967835.0515463916 0.6829095486604881 0.6741261037109307 True 61.301812267910506
110451774365 107592942578 1187173784.9779086 81278792.34167893 0.011844653514035297 0.011844653514035297 True 0.0
103408102286 102805397963 10055287.187039763 7255684.830633284 0.6877722587624915 0.5496011961218188 True 10.350223438360796
102444622641 102808052012 3885139.9116347567 3256465.390279823 1.5089758611432398 0.84791036052719 True 64.41967419529594
105196020825 104422431977 28236818.85125184 9628600.88365243 0.7611183806164266 2.220446049250313e-16 False 128.76169901028814
102184847964 102278467234 29423269.513991162 3785905.7437407942 1.8478101763648844 1.673390626043504 True 36.50251928853442
105415534862 102397642291 455916053.0191458 4836863.033873343 0.8317400248017599 0.8317400248017599 True 0.0
103495147573 102668653788 102664506.62739322 5201796.75994109 0.802357122644995 2.220446049250313e-16 False 687.311663913953
104157403888 102609845166 196027982.32695138 1262085.419734904 1.1252359011850315 1.1252359011850315 True 0.0
102363443219 103228903346 37451251.84094256 27013254.78645066 0.7690504621644334 0.7031299012575629 True 31.6570854836658
102158993565 102370804770 1280035.3460972016 1012511.0456553755 2.5474201387041275 2.5474201387041275 True 0.0
105927844914 102531621210 661936671.5758468 5567849.7790868925 0.5578362277930444 2.220446049250313e-16 False 362.1988892326345
