102562879255 102668493154 60286008.83652431 9253696.612665685 2.3963814951550617 2.0020281392528507 True 70.72048692471705
105570900232 104270598174 820650957.2901325 297187039.76435935 0.6104434033822532 0.6104434033822532 True 0.0
108126465991 103795839596 1789941089.837997 1054391.7525773195 0.551161975435799 2.220446049250313e-16 False 890.5494018215858
107535454414 104076901043 2327864506.6273932 1061503.681885125 0.6408748488344047 0.6408748488344047 True 0.0
103314843908 102416141195 109302650.95729013 1365126.6568483063 2.680773845893361 1.743164357840807 True 70.04784681092497
103622841332 108681594438 437823269.5139911 4798718.703976436 0.5712721176191458 0.13748857177388185 True 304.1680268953568
107109482673 103997776555 6610486008.836524 1634020.6185567009 0.6853970458360581 0.6853970458360581 True 0.0
101729693871 102110174335 2235051.5463917525 1572636.2297496316 5.053085560364396 4.993270566254584 True 23.85092121278053
105521866905 103181728087 354067746.6863034 1510721.6494845361 0.3655493741687217 2.220446049250313e-16 False 301.0057020751783
104597437552 103209731343 45186745.21354934 1607569.9558173784 0.40387131553973243 0.40387131553973243 True 0.0
105552256462 100241711565 12118379970.544918 14010147.275405006 1.278444096095658 1.278444096095658 True 0.0
102145944044 103172195690 5235125.184094256 1200238.5861561117 2.5866719271188265 2.220446049250313e-16 False 747.5940761389817
102658232308 102422178006 8792739.322533136 1629882.179675994 1.6025536256174555 0.021702619865036743 True 377.0622235625151
104224600727 102272210408 156699558.173785 1782621.502209131 1.549362022153956 0.8164409946605706 True 114.02222058325364
102730312247 103273587753 77982474.22680412 15796023.5640648 0.5526720710005883 0.4591882481315306 True 20.162293818387326
102399830424 102698417993 6244889.543446244 2282238.5861561117 0.8375259550541152 0.8375259550541152 True 0.0
104788923442 102186447776 18115169.36671576 3087157.5846833577 0.7103431290385476 0.7031299012575629 True 48.511948029893375
103489119552 103640445736 49187481.59057437 2029779.0868924889 1.5035989234524632 1.5035989234524632 True 0.0
102411421452 102171031308 7916038.291605301 1837216.4948453608 1.2316198212472522 1.1568371276889633 True 20.199622553165575
103047323938 105605358942 128158321.0603829 84953019.14580263 0.8733783568598432 2.220446049250313e-16 False 274.9991665734751
106417895721 102280203230 4359513.991163475 1677083.946980854 0.538411835925301 0.538411835925301 True 0.0
106058850059 102381563235 36095729013.25478 2046848.3063328422 0.9449539143170003 0.9449539143170003 True 0.0
105797302444 102763178164 32130191.458026506 5335861.561119293 0.22330294241056725 2.220446049250313e-16 False 1451.6281126710833
103546619811 102444317881 9468865.979381442 2397938.1443298967 1.19803407832035 1.1568371276889633 True 19.03748370364955
107774043531 105166800126 1266189985.2724595 2295537.5552282766 0.5047255907176489 2.220446049250313e-16 False 468.170172645895
103643951825 103893478182 4784329.896907216 1192784.977908689 0.4968692978635185 0.4968692978635185 True 0.0
107590619991 102813869824 504907216.49484533 3754005.8910162 0.42233550334319947 0.42233550334319947 True 0.0
110092961708 109129405543 5802665684.830633 1272537.5552282769 0.3826974768536442 2.220446049250313e-16 False 2769.7576603161547
102256879470 102191774859 2230191.4580265093 1105116.3475699555 1.791253328569594 1.673390626043504 True 20.62199518866514
104493182349 103538337484 412823269.5139911 4013755.5228276877 0.3268477017670959 0.3268477017670959 True 0.0
102676940375 102616428162 1418908.6892488953 1028849.7790868924 0.6328583348437271 0.6245529022286576 True 31.678540357251965
102608081198 103427332229 5555994.108983799 5021296.023564065 0.05160875106738283 0.05160875106738283 True 0.0
107279989435 102835333674 967026509.5729012 1150661.266568483 0.6431342457110087 0.6431342457110087 True 0.0
104110973342 102924438476 93251546.39175259 4611045.655375552 0.5466923211366332 0.5466923211366332 True 0.0
102104354954 102583819083 18303534.609720174 4518055.964653903 1.1614751635696332 0.4038710254479614 True 383.6761714229402
105342573928 103311484946 1280179675.9941087 12881354.933726067 1.190892460043599 0.3799635178799188 True 318.9193506422194
105323530948 102325577117 294883652.43004423 33770839.46980854 0.6867530846497034 2.220446049250313e-16 False 963.5679323909212
104357785281 102500728259 59579528.71870397 18767452.13549337 1.0935305718269404 1.0935305718269404 True 0.0
101870042045 102125748937 14907511.045655375 4201281.2960235635 4.544497363591504 4.004238796073091 True 19.246915854374713
109404823648 107523242487 383513991.1634757 34005007.363770254 0.24295245955432687 2.220446049250313e-16 False 396.6613179705453
103959090587 102705703792 3608924.889543446 1586951.3991163475 1.1953800422391119 1.1953800422391119 True 0.0
108723006219 103509734034 1382443298.969072 15422680.412371133 0.17779664869741585 0.17779664869741585 True 0.0
102707065210 102124048837 45304565.537555225 5041973.490427098 2.3181032394641927 1.8268719670074143 True 41.70791734257036
103818776377 102282779121 23285567.010309275 4948483.063328424 0.6390057135739176 0.5968872476915363 True 21.164171297086263
111908221690 103066881575 16916936671.575846 56540353.46097201 0.12933225971479834 2.220446049250313e-16 False 1612.1979062995206
110239624558 104235988703 1065994108.9837996 4532916.0530191455 0.13075483539036492 2.220446049250313e-16 False 263.9554825363012
105012886934 103534886112 84307952.8718704 13181870.397643592 0.5155671479602739 2.220446049250313e-16 False 0.0
104477586564 102404781141 387354933.7260677 1373933.7260677465 0.10336183316948411 0.10336183316948411 True 0.0
102464488440 103438194020 9855405.00736377 8666804.12371134 0.9523280535875003 0.8880148566263739 True 57.58545114007062
102993574698 102296786052 193316642.1207658 3293446.244477172 2.160776033731802 1.5942278127692182 True 74.72289312371797
103579687749 103927450278 2249985.272459499 1133896.9072164947 0.24809197938651284 0.1976388039191106 True 27.426823185435
102544097205 102335995066 5498851.251840943 1555567.0103092783 1.371803994117926 1.1110224107812057 True 39.24383444240489
102903900981 101656026312 2629234167.8939614 1257095.7290132546 2.6251980264421944 1.5282423550944397 True 172.76229393912638
102730637715 102390186399 25353755.522827685 3348247.422680412 1.9628049466991393 1.9131339123049793 True 53.69876630020701
100199903681 105346733664 1307456.5537555227 1122460.972017673 0.6346119267824626 0.6245529022286576 True 35.08396412249555
104595505065 102267318887 369756995.5817378 1124478.6450662739 0.716782406413899 0.09907626912006773 True 116.7188596143971
104764550919 103570053591 159371134.02061856 126909720.17673048 0.6472727751933898 2.220446049250313e-16 False 516.5150750913738
108202324513 102422356102 16219145802.650955 1971929.3078055964 0.6461691175381212 0.6461691175381212 True 0.0
103771905279 100407160987 67071723.122238584 6562356.406480118 1.5664386813638056 0.36230045257092924 True 183.0940898419959
104934879678 106003533091 284603829.16053015 97336082.47422679 0.08072239807977244 0.08072239807977244 True 0.0
106188482175 103277330796 307680412.371134 12373269.513991162 0.7823945758168269 0.7823945758168269 True 0.0
102347157945 102245679811 356840942.562592 1358371.1340206184 2.3256842595363993 1.743164357840807 True 94.36429876991768
105718495095 104330878881 213762886.59793812 33017820.324005887 0.8387592052882713 0.5968872476915363 True 59.91892038691992
105284634794 102632802337 106742857.14285713 3258026.5095729013 0.3524643929936935 2.220446049250313e-16 False 563.0101198624351
104339339282 106220043788 4241605.30191458 1742768.7776141383 0.16147391039228776 0.16147391039228776 True 0.0
