102519273827 103087386355 2314079.528718704 1731384.388807069 1.8901650573264237 1.5942278127692182 True 48.12948247654698
103613842734 102303141413 121925625.92047127 51420471.28129602 0.5286382737393702 0.3799635178799188 True 37.101394745459594
104295231485 103376778174 81286303.3873343 11020206.18556701 0.8699872653867227 2.220446049250313e-16 False 815.6824334052717
106796563047 108698647979 2621251840.9425626 2051899852.7245948 0.5261280757203706 0.5261280757203706 True 0.0
106518684343 102484588991 1987098.6745213547 1814123.711340206 0.13760336548579644 0.06196112674705323 True 23.056165934503703
102891339997 102559029357 11968379.970544918 4003357.8792341677 0.797768968709831 0.797768968709831 True 0.0
105986674293 102266813698 19895729013.254784 1040858.6156111929 1.049335707830307 1.049335707830307 True 0.0
104569199715 107290197778 85959793.814433 28089396.170839466 0.329700591317853 2.220446049250313e-16 False 196.428600467673
102172851069 102209857243 3559248.895434462 2833622.9749631807 3.5117802582543023 3.089664292734822 True 22.716673788927306
104777167470 102198994204 283104565.5375553 18566863.033873342 1.3405007267254758 1.3405007267254758 True 0.0
102700079379 102643767523 21996907.216494843 16068041.237113401 0.5441010706796823 0.48446830346154357 True 20.458685171382513
102287059944 102545201019 4815493.372606775 2407511.0456553753 2.7621706219620474 2.7370140461629733 True 31.79294565271892
102134628747 102145353440 1613917.5257731958 1563107.5110456552 3.650708535445375 3.0027931936545826 True 18.223578711908086
103290618637 102895336354 1216864.5066273932 1151659.7938144328 0.8103577810082607 0.7031299012575629 True 45.379071961761404
102819333790 102458284467 6777746.686303386 1402843.888070692 1.8382724003553519 1.411597290654902 True 80.63201014998526
108057572967 104270503344 818899852.724595 330499263.62297493 0.5147085776432043 2.220446049250313e-16 False 80.51822548747363
106238624172 103045934291 11371752.577319587 6016023.564064801 0.11976941708163458 0.021702619865036743 True 80.06716048602865
103017274234 102277173397 33182768.777614135 1346092.7835051545 1.121529707780498 0.7855075427696514 True 70.71250503965577
106840618670 103000695016 329119293.0780559 30115611.192930777 0.8948688845475337 2.220446049250313e-16 False 618.4219471672434
104723720428 103034710729 745880706.921944 20494550.810014725 0.9157051423273135 0.071120724784137 True 271.87695519938995
106815569001 102578611111 1119812960.2356405 2635905.743740795 0.305477915882836 2.220446049250313e-16 False 399.12400866326493
102543511394 102903939417 7348615.6111929305 6466067.746686303 1.3941830927578356 0.84791036052719 True 50.403687025729525
102161961703 102268990843 12857643.593519881 1839911.6347569958 2.101948644138248 1.673390626043504 True 30.246198890199228
107194246891 102943135975 5743578792.341678 6795802.65095729 0.8207109512122295 2.220446049250313e-16 False 434.9933310994696
103503455288 102651526082 118306332.8424153 6314491.899852724 1.323603630398312 0.996407191488285 True 56.66562208480149
102575118615 102828059827 19178645.06627393 1018886.5979381442 1.002848049926996 0.5764476321643068 True 99.99729634836814
103583636131 102372382123 152667157.58468336 1130562.5920471281 2.0845157310302285 0.9540002664885052 True 28.05360508498703
109750217840 102823845858 1547466863.0338733 2963505.154639175 0.23750123750123753 0.23750123750123753 True 0.0
102524078069 102987093938 52921502.20913107 3658733.4315169356 1.486523045095582 1.203646143981993 True 18.901329686847284
103618034676 104502711606 33885125.18409425 2462871.8703976437 1.1983288304231126 0.5037153502812697 True 146.30323009275133
104296143103 102567158540 35868041.2371134 21826509.572901323 0.044786879148456915 0.044786879148456915 True 0.0
102323411834 100473672422 3995184.094256259 2137997.0544919 2.559821012199506 2.4442257045541464 True 105.27815775627806
102417201048 102331229915 12625139.911634756 3462002.9455081 1.6312188858366752 1.411597290654902 True 23.312957047393972
104168947017 103345055226 190973490.42709866 1743637.7025036816 1.8306640171651467 0.6741261037109307 True 47.35441659385578
102400426779 102554286271 5040162.002945508 1930648.0117820322 0.7226083735993041 0.6741261037109307 True 18.34884484156231
104108431165 103165932183 147242268.04123712 36111634.75699558 1.102540920702669 2.220446049250313e-16 False 588.5251288526445
102669196736 102158018984 106919734.90427098 2148969.072164948 2.1696926665990466 0.6741261037109307 True 37.67802638175245
102136596571 100689633797 1711855.6701030927 1146991.1634756995 4.601330876216189 4.40637605254554 True 28.60960407751033
105145436004 102582782741 139954050.0736377 3797790.8689248892 0.7785714158673471 0.7785714158673471 True 0.0
102273728462 101768674880 2964874.8159057437 2341649.4845360825 0.75792958085685 0.7031299012575629 True 19.114269673323033
106250345028 105093602569 226207658.32106036 94412076.5832106 0.22638443472875425 0.22638443472875425 True 0.0
102939614768 103274075078 209642120.7658321 8508011.7820324 1.5218073288764593 1.5218073288764593 True 0.0
104140820162 104561759974 2516215.0220913105 1610000.0 0.0038316253138228618 2.220446049250313e-16 False 32.72411348355908
102910104828 103214747155 4908645.066273932 4319278.350515463 0.7862278262143223 0.6741261037109307 True 47.37752727059881
102807981823 102149475649 77520618.55670102 1514491.8998527245 2.6341567121057397 1.9131339123049793 True 42.10641413428431
108666844743 104477335217 1211474226.8041236 1180499.263622975 0.35669011027177233 0.35669011027177233 True 0.0
102699661033 103881513778 6957054.491899853 1847334.3151693665 1.1323734809504415 0.3106562061254896 True 78.19601453826284
104078868202 103048317802 183531664.21207657 6199867.452135493 1.4428674377984878 0.1671762731356945 True 334.02695037682383
105262806558 103159435393 26775846.83357879 10380220.913107513 0.8098728564318356 0.8098728564318356 True 0.0
103875825265 106188898119 25438144.329896905 9247952.871870399 1.0006962422923178 0.1133264705968362 True 383.72736266230606
102774080030 102483028832 23646391.75257732 1061088.3652430044 0.33050379526207596 0.24482978600362038 True 49.30687668738261
104900295837 103472827053 1481310.7511045653 1097326.9513991165 0.22248193171704922 0.08500846539228979 True 26.70666856748138
102810298445 102150406113 23727098.674521353 2974462.444771723 1.506623753268011 0.84791036052719 True 122.29037287020599
103237006499 102962828324 2445434.4624447715 1914815.9057437407 0.10989515930325222 0.048368384261977315 True 22.376741522146723
104213386830 103158137126 3079779086.892489 15649337.260677466 1.8223234495566127 1.8223234495566127 True 0.0
102650182932 102218415009 25848748.159057435 11715935.198821796 1.909133223755982 1.909133223755982 True 0.0
103481232435 102306529930 377381443.29896903 3508880.706921944 0.4418654278158911 0.18230943315233605 True 60.879983174564124
103671272943 104808062993 29664801.178203236 4235405.00736377 0.5493931027216639 0.5493931027216639 True 0.0
104778708138 103081041952 78882326.95139912 2122621.502209131 0.22626111758985745 0.1976388039191106 True 28.43686729560777
103415197883 104976265237 777036818.8512517 368696612.6656848 0.9365095963733048 2.220446049250313e-16 False 482.9488458698383
109024764681 102931053904 1619410898.3799703 50681296.02356406 0.04801699464358511 0.04801699464358511 True 0.0
109603871004 102808677737 1927025036.8188512 1106506.6273932252 0.30766987612443253 2.220446049250313e-16 False 2748.7156401936745
102262265503 102980029049 37312665.68483063 26370839.46980854 2.3045506967645144 1.0750723246641747 True 13.592229520933689
103710219073 103656541475 122748600.88365245 41315611.19293078 0.9089033159559501 0.9089033159559501 True 0.0
102323419850 102308675743 135942120.7658321 9877260.677466862 2.696857670979667 2.4442257045541464 True 37.71866323322278
