103562735563 105136614223 68846980.85419734 7806008.8365243 0.7634818185024512 0.7551008783982274 True 103.86455779834837
102808912269 101166112978 570200294.5508099 16374079.528718702 1.7828332581968356 0.071120724784137 True 277.24811722994775
106682877635 102920247406 2666288659.793814 7905537.555228276 0.6936722710282115 2.220446049250313e-16 False 1064.8203527566866
102522383557 102366862401 54349779.086892486 2151075.1104565538 2.1360644273075944 1.5282423550944397 True 54.86984279991832
109294790196 102842020319 518201767.30486006 3217717.2312223855 0.36467910253243496 2.220446049250313e-16 False 2510.358204367953
103331078857 102414900475 134383652.43004417 97656259.20471281 1.372755077102676 1.1110224107812057 True 111.78274840339414
108533989520 102813650254 377621502.20913106 6009764.359351988 0.4555701759493229 0.4555701759493229 True 0.0
103406383523 103578875812 406846833.57879233 208935198.82179675 1.7251891962599504 0.5496011961218188 True 545.8046026084263
104435741724 102466701601 88787039.76435934 1240191.4580265097 1.2241448719003762 0.09907626912006773 True 119.14805825127924
102131953648 102142535819 1861988.2179675992 1514536.0824742266 3.707211447938241 3.707211447938241 True 0.0
103066761435 102443818864 695901325.478645 8599572.901325477 1.2963219810828996 1.2963219810828996 True 0.0
102996582964 102494541267 12303019.14580265 1344515.4639175255 1.713873593195776 1.4745383890944836 True 133.94088743311084
103687847603 111099308533 123034904.27098674 95499410.89837997 0.013849179796013633 2.220446049250313e-16 False 174.2680669106158
102477542874 103908752554 2085301.914580265 1415568.4830633283 0.22412355813546392 0.1976388039191106 True 27.836824012064742
104991686035 102358656927 1538600883.6524298 394541973.4904271 1.123381187267357 2.220446049250313e-16 False 412.75129057349983
103800709970 102390164823 3189882.179675994 1296898.379970545 0.44904225552121324 0.4405111331274656 True 48.64740263210216
103115757070 102835117819 50489396.170839466 5459293.078055964 0.2672456289530145 2.220446049250313e-16 False 107.44001725195822
102273667864 103494399098 288522827.68777615 9825655.375552282 2.0636879450006735 2.0636879450006735 True 0.0
102232652652 101890951093 4295876.288659793 2120986.745213549 0.6184608113991432 0.6184608113991432 True 0.0
104061865769 103328088350 3810309.2783505153 1831531.6642120765 0.4113330040222991 0.4038710254479614 True 56.64695002804914
102636681501 102281628759 37097790.868924886 1269002.9455081003 3.4882296178272476 3.4882296178272476 True 0.0
102295968672 102103105845 2686303.3873343146 1283475.6995581738 2.00283167026506 2.0020281392528507 True 51.158513649707096
103238882838 103254465467 2220780.559646539 1413315.1693667157 0.21040317319295876 0.21040317319295876 True 0.0
103812643298 102919988567 1057440353.460972 1000882.1796759941 1.232666138269014 1.232666138269014 True 0.0
102468860905 100481518665 4567290.132547864 1545964.6539027982 1.408361832281682 1.203646143981993 True 13.72958314715886
104368779995 104194686195 60531958.76288659 4028865.979381443 0.8093849176910801 0.8093849176910801 True 0.0
107247258706 103779586174 50213991.1634757 2793564.064801178 0.025548463318182613 2.220446049250313e-16 False 1848.2710172545308
102017610958 102485574257 2708188.512518409 1877776.1413843888 1.6505302385742269 1.5942278127692182 True 37.852245975715356
102564627977 102287312987 42601620.02945508 2300677.466863034 1.839795761888805 1.673390626043504 True 86.8043483337481
110127454045 102922362712 2844506627.393225 1646067.7466863033 0.24750499001996018 0.24750499001996018 True 0.0
102191386800 102265441599 2359145.802650957 2035213.5493372604 2.206053028117085 2.2017563517833034 True 63.511727379781455
103968859265 102309162016 370110456.5537555 16004418.262150217 1.083862981841218 0.4591882481315306 True 193.3912744424792
102920572221 102220531236 4254771.723122238 3918777.614138439 2.2589744007560824 1.5942278127692182 True 38.93979365869118
106483928798 107418312781 648499263.6229749 29604123.7113402 0.5139907888800404 2.220446049250313e-16 False 1953.273468103996
110946879028 102593805793 4631767304.860088 1067686.3033873343 0.06681687448259388 0.06681687448259388 True 0.0
105795492388 106315541914 76687039.76435935 71411045.65537554 0.38283705616116137 0.08500846539228979 True 15.576774832884505
103552617378 102785594900 2492562.592047128 2451354.933726067 0.6600320718196275 0.6600320718196275 True 0.0
103071650316 102455419596 44566863.03387334 4264668.630338733 1.835230575126522 1.743164357840807 True 19.42455301802842
102629005699 102125956951 26641384.388807066 3522724.594992636 1.0006962422923178 0.5764476321643068 True 30.184814260951672
102249576631 102124633301 2309057.4374079527 1174378.4977908689 3.576407703009446 3.4948529728125486 True 37.19193819208713
105551987676 102952747058 9828630338.73343 4566597.93814433 1.0476865237654498 2.220446049250313e-16 False 455.83675285893776
102377421146 102186511705 109743446.24447717 3366583.210603829 2.1111166419851415 1.8268719670074143 True 49.271236336858024
107590647374 100253285436 200914580.2650957 1310424.1531664212 0.4999880000959991 0.4999880000959991 True 0.0
103949835227 102102336699 303421207.658321 5064580.265095728 1.747766066188189 0.5496011961218188 True 281.1148160099658
102395007521 106810705724 138320324.005891 1612768.7776141383 0.9132640859285166 0.6741261037109307 True 61.121802329305375
102918807689 102388348870 4716480.117820323 4609101.620029455 2.3010054862711184 2.3010054862711184 True 0.0
103412957933 102205823519 48076583.21060383 1174079.528718704 1.3610019147725527 1.3610019147725527 True 0.0
102197084250 102400217934 3675758.4683357878 1854123.711340206 0.9616189633628427 0.84791036052719 True 38.81832901149421
102956761739 102396812919 1316468.3357879235 1012020.618556701 0.9341723773106108 0.7855075427696514 True 31.448756560279357
103522572614 102744349977 4118276.8777614133 1086752.5773195876 0.9668893841079271 0.6456162322421075 True 43.68644477673604
106605117417 104085693023 1651354933.7260675 18908983.79970545 0.6917983308717668 0.6917983308717668 True 0.0
103064763024 102646199884 10715773.195876287 2122061.855670103 0.39691728294000805 0.36230045257092924 True 43.86633510560385
102545710283 102323913026 85109425.62592046 5765802.65095729 1.9803505488315531 1.9803505488315531 True 0.0
102567298201 102748734023 1547893.9617083946 1056384.388807069 1.5555317039263188 1.5282423550944397 True 45.17856472225675
104512442508 102231221925 54012518.40942562 1300147.2754050072 0.34522512342440503 0.34522512342440503 True 0.0
108719530135 102959520518 4364315169.366715 3179911.6347569954 0.491057383343398 0.491057383343398 True 0.0
106124147849 104788329734 2345272459.4992633 328298969.07216495 0.8275655365001389 0.7031299012575629 True 36.60348786459074
101768773304 102716826903 16998379.97054492 2782739.3225331367 0.5041190299635552 0.4220730788650984 True 60.31917947864847
102532646250 102278761923 386260677.46686304 2259366.715758468 2.5402866924163514 1.743164357840807 True 86.12079948431628
105468946037 103834221652 29756701.030927833 27063622.97496318 0.9115963167362169 2.220446049250313e-16 False 1572.7355774204336
103266488345 102303092219 552260677.466863 2627290.132547864 2.0614275436636103 0.7551008783982274 True 188.12265548034887
103053638268 103254789041 111253460.97201766 39621354.933726065 2.072951877573597 0.6456162322421075 True 227.84570658727776
102148639689 105666981659 11602238.586156113 1589072.1649484534 1.0318141458964463 0.7855075427696514 True 77.58245455188289
102156951123 102235919990 34679823.26951399 2645743.740795287 2.892095543161393 2.892095543161393 True 0.0
105570908545 102161040314 570452135.4933726 4440132.547864506 1.215801322390229 1.215801322390229 True 0.0
104363797936 108534488752 448294550.8100147 74515022.09131074 0.1400103740944043 2.220446049250313e-16 False 1115.0806467868083
102629862877 100896822718 41173048.60088364 3402253.3136966126 0.8041748606274919 0.7326361820223113 True 32.45848713587832
