103604982691 106585619546 190711340.20618555 45587628.86597938 0.4723659005946885 0.4723659005946885 True 0.0
105310002112 105504868545 112556995.58173785 101654639.17525773 0.319036733854001 0.319036733854001 True 0.0
102237561842 102223468513 2231016.2002945505 1961723.122238586 3.151599818990248 3.089664292734822 True 62.56735133915593
105039053610 104745824744 1965346097.2017672 3771001.4727540496 0.8990683170836389 0.8990683170836389 True 0.0
103219868068 102330263176 7450456.553755523 1732842.415316642 0.4529350741432767 0.4038710254479614 True 31.435066992082813
104226802373 103067732645 175275405.00736377 4158070.692194403 0.6304489604257428 0.6245529022286576 True 56.067090484946846
109094794485 102426890089 16706038291.605297 1732503.681885125 0.46423817883912255 2.220446049250313e-16 False 3088.8356581317908
102122336094 102260908040 38220029.455081 2925346.097201767 2.9425491734445655 2.4442257045541464 True 53.75085267973284
107230522885 103652767233 463147275.4050073 5445463.917525773 0.6428589030631104 0.6428589030631104 True 0.0
102151696446 102148164742 3249793.8144329893 1207848.3063328422 2.9845717382295747 2.9009801841876754 True 18.836117102554603
103356117714 103103511817 104937997.05449189 1396578.7923416789 0.8871271508531702 0.8871271508531702 True 0.0
102912873898 102799744453 104643151.69366714 1988924.889543446 0.8375259550541152 0.8375259550541152 True 0.0
102382059525 102211228439 12298350.515463917 2567687.776141384 1.5432155909288583 1.360371054909761 True 19.81248957866341
106562625741 102629862877 248086892.48895428 54955964.65390279 0.7495455555419479 0.5496011961218188 True 28.415944500378075
105047368674 103707662897 74352282.76877761 1073189.9852724595 1.0672902992402706 0.22889638666090595 True 155.7341515400706
105012886934 102521688022 79112960.23564065 1482135.4933726066 0.5239535011307734 2.220446049250313e-16 False 877.5207102856568
105917386069 102576877705 171419734.90427098 4991399.11634757 0.9012346617893658 0.2938802509161855 True 178.7866655791273
105301552119 104551451201 59566273.93225331 42275110.45655375 0.20287294173403758 0.1976388039191106 True 48.22474781926056
103694653453 102501034651 16969513.991163474 5299189.985272459 1.368938478667709 0.996407191488285 True 33.549558012563594
109462783389 110339317609 7039410898.37997 4084727540.500736 0.26008223296652333 0.26008223296652333 True 0.0
102129927798 102155726426 1294382.916053019 1034030.9278350514 3.7173149043564404 3.4948529728125486 True 24.189082708064365
102786689722 104170967282 1484639.175257732 1012771.7231222385 0.316825607517494 0.1277614347218703 True 46.43314263561913
102946006581 102673161688 11982061.855670102 7689985.272459499 1.4978892835553954 1.411597290654902 True 14.02611982266616
103411227679 102822452482 35426656.84830633 1588011.7820324004 1.239716899783867 0.2938802509161855 True 119.70031361276972
106044852990 103530832282 600882179.675994 13843284.241531663 0.599889927572983 0.599889927572983 True 0.0
103436204458 103006564133 65714727.54050073 2382312.2238586154 0.1499196206185187 0.1499196206185187 True 0.0
103143923476 102356021033 51261413.84388807 2662798.23269514 1.093811113111864 1.093811113111864 True 0.0
108431219198 109641991764 874114874.8159057 33401620.029455073 0.19972982084434587 2.220446049250313e-16 False 82.51351009655752
102782538994 103760973700 7453298.969072164 3840220.9131075107 0.6583637919483121 0.5496011961218188 True 32.36913042087105
101690602749 102152576546 2673902.798232695 1815802.6509572896 2.2906102436696885 2.0936349718764466 True 20.08866459248788
103180360255 104345965336 36660235.64064801 2187938.1443298967 0.5485629335976214 0.5485629335976214 True 0.0
102743250062 100460471625 2988306.3328424157 1240303.387334315 1.8843463638487568 1.5942278127692182 True 32.21539953479776
102367830123 103310635270 34949484.53608247 20549926.362297494 2.205621377647843 1.203646143981993 True 201.1925097587944
102705640547 102314515437 10970353.460972017 1674653.9027982326 1.6201193726386176 1.360371054909761 True 29.955285382025096
103087981006 103638451007 232748159.0574374 60345066.27393225 1.9406229415639409 1.360371054909761 True 145.79824737478444
104715362075 103571079838 1467425625.9204712 19762002.9455081 1.1507688998817076 2.220446049250313e-16 False 563.9999170657571
104078350087 103170376257 34133136.96612666 2692871.870397643 0.15548828046011542 0.1133264705968362 True 39.7717066571515
102887349044 102876449479 194653902.79823267 16273343.151693668 2.89992785133475 2.89992785133475 True 0.0
103477576723 105733552381 100760235.640648 7056111.929307805 0.8158311422304219 0.8158311422304219 True 0.0
109964368265 104818991977 195849779.0868925 23941531.664212074 0.2360083850808843 0.03494962427363446 True 31.905803181449667
105779375197 102369172809 500593519.8821796 1638645.066273932 0.3252475562435062 0.3252475562435062 True 0.0
102774489806 102644975245 17425184.09425626 1029986.7452135492 0.9587257313881881 0.9540002664885052 True 133.89121117139
107594719295 103090591746 291157584.68335783 1800117.8203240058 0.23476454892198872 0.23476454892198872 True 0.0
102934522113 104178468101 25603387.334315166 21315316.642120764 0.5465894609207773 2.220446049250313e-16 False 1376.7309729216931
103612922711 102832815600 23993372.606774665 5085537.555228276 1.395152211923068 1.203646143981993 True 64.14298252916643
102636950275 102735639668 346733431.51693666 19744035.3460972 2.525061424195316 1.411597290654902 True 154.57312095668033
102421114673 102441480146 123771134.02061854 7761340.206185566 1.8387235963221498 1.4745383890944836 True 39.65915825284614
104155124139 102763396581 602444771.7231222 258972017.6730486 1.3578399356781263 1.3578399356781263 True 0.0
105274766591 102169950793 225614138.43888068 13881060.382916052 0.4723659005946885 0.2609697716927266 True 32.20090176889336
102619478916 103199949743 13824079.528718702 9578011.7820324 2.278054409147083 1.9131339123049793 True 25.4164433249703
104219632134 103115379366 2298276.877761414 1000777.6141384388 0.6478265168243089 0.5297668260277173 True 15.823482551049358
103101816446 102342652260 117260530.19145802 12496288.659793813 2.5255958256945426 2.5255958256945426 True 0.0
105496326472 106183999004 38070692.19440353 9589499.263622975 0.771902935157212 2.220446049250313e-16 False 3233.331496585568
111018458256 106405135299 1240863033.873343 57649042.70986745 0.14856980088393934 0.1133264705968362 True 57.09334120508578
103818639803 106831215399 3532518.4094256256 2410324.005891016 0.12225132593994159 0.071120724784137 True 50.34683828899144
102118490926 102100215827 67884094.2562592 7169882.1796759935 3.8674827812796613 3.0027931936545826 True 26.967939558684577
102560917442 102235047533 14452120.765832106 1004977.908689249 2.804813088557025 2.4442257045541464 True 45.53717759885376
103761790086 102208027629 62950220.91310751 22882032.4005891 1.5479979106417132 1.360371054909761 True 71.19751630147422
102334387212 102655581223 7919307.805596465 1168625.9204712813 2.05055687915829 2.0020281392528507 True 76.69650136227823
102168727550 102154095148 5478703.976435935 1619720.1767304859 1.9803505488315531 1.5942278127692182 True 51.37159814491649
102698805705 102477029352 10826509.572901325 1095824.7422680412 1.2880206104896592 1.0309944247165435 True 58.192448641059244
102110252178 101019929216 22837113.402061854 1947805.5964653902 4.123843292376746 3.2874747467483054 True 52.40933203354502
102938693615 102255026671 3386156.1119293077 2212164.948453608 1.8522126039274966 1.5282423550944397 True 16.72419734089031
104460322657 103607180244 200072164.9484536 2930898.3799705445 1.3028050468275407 2.220446049250313e-16 False 360.3871672358329
106078751029 102964691140 15037113.402061855 2077540.500736377 0.21365556697740296 2.220446049250313e-16 False 519.2114605066098
