103137164821 103922152319 133979086.89248894 36201767.304860085 1.5935291447837643 1.5282423550944397 True 0.0
103343722603 102544701158 327949926.3622975 1945773.1958762885 1.5668734711059886 0.8880148566263739 True 85.18312860514966
105726640281 102257714383 77662444.77172312 6078954.344624448 0.3267596813653948 0.3267596813653948 True 0.0
103510028655 109408982050 1144169366.7157583 226338733.43151692 0.08619264495512402 2.220446049250313e-16 False 557.832585997774
103836429774 102685934854 36279381.443298966 2384064.801178203 0.16061656594449225 0.1133264705968362 True 19.750865604262284
111767024755 111908221690 16467157584.683357 449731958.7628866 0.13132282183588817 2.220446049250313e-16 False 869.0350228580367
104177656713 102794200148 74954344.62444772 37158762.88659794 1.1130078878584455 0.3276496719374833 True 93.26993250549495
102303597681 102126217198 2533519.8821796756 1976995.5817378496 0.8849786054928275 0.8849786054928275 True 0.0
103212658247 102170530712 11306347.569955816 1266350.5154639175 0.43222359874823657 0.4220730788650984 True 47.061952178905706
106824688729 102611156545 45411192.93078056 7456553.755522828 0.7120531969169346 2.220446049250313e-16 False 846.0954033635071
102780443416 102321867825 6900486.008836524 5060162.002945508 0.8449367555680194 0.8449367555680194 True 0.0
102612005544 102822476009 72068777.61413842 4891075.110456553 2.101948644138248 1.5282423550944397 True 77.02411929829138
108421312543 104953315917 354709867.45213544 6243549.3372606775 0.06610149072971461 0.06610149072971461 True 0.0
102311774130 102067788795 8195891.016200294 1236070.6921944034 1.682014944187269 1.4745383890944836 True 32.99888853606271
105333574651 102568507129 17502356.406480115 2688807.06921944 0.4159312083981712 2.220446049250313e-16 False 480.092508019692
102152363287 102258884260 10135773.195876287 2823770.250368188 3.415342431882305 3.415342431882305 True 0.0
102609157505 101818590008 10360162.002945507 1521958.7628865978 1.1562598379355107 1.1562598379355107 True 0.0
104001773319 102593805341 680437407.9528718 52006480.11782032 1.4838549428713361 0.7551008783982274 True 77.40441527623177
104223510764 102604111948 462296023.56406474 2069985.272459499 0.277747892674288 0.021702619865036743 True 25.735356734642775
103027010694 103216843384 983083946.9808542 1460518.4094256258 2.131223306321314 0.24482978600362038 True 234.7705035325739
102274076936 102341912872 3613210.6038291603 1600883.652430044 2.418441122479327 2.2017563517833034 True 25.852148146162445
105169265904 104832749775 4206097201.7673044 3858173.7849779082 1.3139577934098483 1.3139577934098483 True 0.0
110226761179 102169236040 14066038291.6053 27039911.634756994 0.34576642070542385 0.34576642070542385 True 0.0
103589108484 103719720200 950449189.9852724 296182621.5022091 2.189904589953714 1.5942278127692182 True 108.04129471870523
102425253342 102341018236 10210338.733431516 6087908.689248895 3.6171249163146113 3.6171249163146113 True 0.0
103196287045 102694735383 20518703.976435933 2058129.6023564064 1.5346936189088143 1.411597290654902 True 60.196166882983356
105078022498 103955847050 198301914.58026507 5357098.674521355 0.5230065367440557 2.220446049250313e-16 False 372.0303734090696
102123767663 102341527913 3993372.606774668 3103740.7952871867 3.79584104664435 3.79584104664435 True 0.0
102447796226 102867088547 5253357.879234168 1197702.503681885 1.7735173469642467 1.7735173469642467 True 0.0
103991035755 102299007963 43297938.14432989 1858748.1590574372 0.7026725147791977 0.7026725147791977 True 0.0
102184669407 102831877236 8257275.405007363 1482621.502209131 0.7726159202181027 0.5968872476915363 True 54.86222849985631
102891640384 102430797984 4526200.29455081 2329219.4403534606 1.6887719571839952 1.4745383890944836 True 36.05868106070061
102847907463 102306733492 1005957290.1325477 2323917.5257731955 1.6572988026211597 1.6572988026211597 True 0.0
109990604061 102486853659 771341678.939617 6524344.624447716 0.20214703460380257 0.20214703460380257 True 0.0
106436166949 104090893292 712994108.9837997 1154351.9882179676 0.7419599836952546 2.220446049250313e-16 False 291.00985068789026
102709716244 102282119718 1312446.2444771721 1058443.298969072 1.5551856214594708 1.5282423550944397 True 25.671136769631232
102129822168 102234122210 9826730.486008836 1467921.944035346 1.465920972164684 1.3003338586489348 True 42.89875819374944
106111569148 102228716614 3924639175.2577324 25681443.29896907 0.8134273414067119 2.220446049250313e-16 False 0.0
105277091808 102344355504 481035346.0972017 11371148.748159057 1.1542345789117667 1.1542345789117667 True 0.0
104242684578 102457530617 344493372.6067746 3755007.36377025 1.273176741764849 0.7031299012575629 True 131.93967070568098
103232520629 104954492876 7545360.824742268 1072758.4683357878 0.745237247551432 0.3106562061254896 True 208.90406480381847
102324318150 102304178848 19263622.97496318 1638114.8748159057 1.918608757577438 1.8268719670074143 True 43.37679948576851
108479459643 107073235490 2736391752.5773196 30182179.675994106 0.4991312534386323 0.4991312534386323 True 0.0
104445171556 102448378822 285296023.5640648 2704491.8998527243 0.864207404258968 0.13748857177388185 True 107.3640998985699
103946350480 104637072470 2471001.47275405 1365430.0441826214 0.5753911302328587 0.5753911302328587 True 0.0
101397338079 102306446147 2487555.2282768777 1647952.8718703976 1.6485716253224636 1.2514710385618875 True 17.714017909399246
105053771272 103147605060 528939617.08394694 32264506.627393223 0.7388098889596004 0.4220730788650984 True 162.77667272336072
103046633208 102769724563 656132547.8645066 1990780.559646539 2.218124477054772 0.9540002664885052 True 49.18520136501623
103159570852 102394866842 58349042.70986745 14524167.893961707 1.0845623565560527 0.996407191488285 True 33.487960555261246
111786949845 108750357862 10247437407.952871 3216170.839469808 0.05171492635892094 0.05171492635892094 True 0.0
103709339219 102189706802 2169558173.784978 1682503.681885125 2.072951877573597 2.072951877573597 True 0.0
109038545343 102201500782 1044496318.114875 4835861.561119293 0.16022740457129592 2.220446049250313e-16 False 1334.0166180330898
107525481130 103850799736 129883946.98085418 1041260.677466863 0.5755698442234094 2.220446049250313e-16 False 352.5770958210774
104651033501 102715703246 116318409.4256259 1689234.1678939615 1.306517757880218 0.8880148566263739 True 173.34779933080253
103888946028 103713615751 591016200.2945508 115791605.30191457 0.9560973510529673 0.5496011961218188 True 144.07096615729722
102452845158 102629005699 10682179.675994107 8180294.550810014 1.3145790706502116 1.3003338586489348 True 67.44874699675799
103550398045 102401323388 499291605.3019146 1617628.8659793814 1.889772517107453 1.889772517107453 True 0.0
103023199797 102692162369 213594992.63622972 152010309.27835053 0.44661275623128427 2.220446049250313e-16 False 419.8152426691292
104450494977 104495774168 470980854.1973489 21358910.162002943 0.4123735219511093 0.4123735219511093 True 0.0
103226242450 102962989960 17930633.284241527 4356774.668630338 1.3298455545381898 1.0750723246641747 True 21.9163424337481
112364290042 103838630402 73420913107.51105 1767628.8659793814 0.11620597125546372 0.11620597125546372 True 0.0
111346721845 104599527813 949269513.9911634 165945508.10014728 0.11300941049456581 0.11300941049456581 True 0.0
108097759759 102364536436 17157290.132547863 1042739.3225331369 0.4213105620430486 2.220446049250313e-16 False 56.187546698314264
106736956362 103079382702 13582945.508100146 2990500.736377025 0.3949744649924183 2.220446049250313e-16 False 146.78870447392632
102728579943 102184924400 21598379.970544916 12905949.926362297 0.9830567630167844 0.8880148566263739 True 26.6131793540994
103612210430 104821882686 64925625.92047129 59578939.617083944 1.5265476999573013 1.5265476999573013 True 0.0
105548626792 103621177828 5561723122.238585 2121266.568483063 1.2546338361918332 2.220446049250313e-16 False 2026.25650298736
109229026088 103136446684 3842930780.5596457 37290427.09867452 0.11616859503394261 2.220446049250313e-16 False 1425.8007416443224
102515440562 102841632687 4202636.229749631 1243195.8762886599 1.0672902992402706 1.0672902992402706 True 0.0
102102798488 101845568501 7591649.484536082 1533210.6038291603 3.0612270591436497 3.0027931936545826 True 30.262038273714857
